600519
601398
601288
601857
601988
601628
600036
000858
600900
600028
601088
601318
000333
002415
601166
601658
600276
601138
000568
600809
601816
601899
600030
600309
002594
601328
002475
603288
601668
002352
600000
603259
601225
000651
000001
601998
601319
600406
002304
600887
600104
601888
601633
601012
601601
000625
600025
002714
600436
000725
002142
600016
600019
601818
601985
600050
600690
601919
603501
601766
600150
601127
600919
003816
600048
601995
600018
002371
600760
601390
601006
600031
601211
600438
000002
002050
601688
600989
600999
000166
002230
000063
601728
002493
000596
601066
601169
600346
600893
000895
601800
000792
600188
601881
002027
600585
000538
601186
603993
601898
601989
600886
601111
600011
000776
600837
002466
600547
002736
603195
601229
600845
002179
601689
600029
001979
601698
600015
000100
601901
600660
601100
600795
002311
600111
000338
000617
600085
000708
601600
600941
601238
000963
600089
002920
600703
601009
600958
600009
601699
002129
601360
603369
600674
600023
601669
002459
601336
601788
001965
000661
601939
603392
000768
600905
603986
600426
600588
002049
601018
600372
600196
000938
603019
600570
601618
600938
603799
600115
002252
601916
603198
601727
600745
000301
002241
600926
603260
601377
600489
600741
002001
600584
002460
002648
600161
600039
600600
000977
601021
600010
002938
601872
000999
600256
600221
601877
000157
002600
600061
600027
600236
000983
603659
600026
600522
600160
000876
600803
000800
002812
000425
603833
601808
002032
600415
601838
600233
601865
603806
601878
600332
000807
600176
002821
600079
600985
002463
002602
600377
603605
600183
601117
601799
002271
000408
002236
601555
600482
600515
600418
000932
603000
002007
601108
002555
601236
603939
000786
002945
000975
601077
002294
600362
002916
600546
603899
002156
000066
601058
002180
601607
000933
601298
600606
600350
600219
002709
002603
002422
600132
002064
600460
600398
002078
000423
601231
600895
603596
000630
000987
601216
603160
600702
600118
600348
002456
000733
600298
600177
603345
002223
601233
600157
000783
002128
600862
601991
603658
600765
600109
002152
601958
601868
002074
601168
605499
002410
603688
000728
603290
600536
000009
600487
000988
603728
603882
601696
601990
600060
603816
600733
603087
601615
600066
002028
600642
000027
600705
600885
600998
002430
603568
002939
603233
000629
603606
600754
603885
000723
603786
600918
600637
600968
002340
600566
601198
600875
002738
001872
600779
002202
600352
601880
002185
601158
601456
601162
601966
002465
603589
600153
600517
603826
600873
601933
601155
000831
601577
600096
000883
002673
600129
002080
603893
603156
002558
600663
600583
600369
601598
002739
601567
603737
000021
601825
601666
600848
000738
600518
600839
601928
600497
600732
002429
600486
600378
002608
600863
601099
600699
000050
002797
002414
600655
603707
600871
002384
002444
002044
000703
600004
002601
603613
002624
003022
600977
600549
601858
603179
002625
000729
600763
600988
603338
000069
600872
600884
002436
002385
600704
603712
600100
603868
002517
601179
002120
002405
600535
603486
600380
600516
000960
600282
002966
002262
603456
600867
002025
600909
002607
000893
600021
002532
002281
600383
600095
000709
000799
600598
600170
002299
600521
601965
601001
000959
600155
000683
000825
000958
600038
600483
600582
600390
002531
000818
601000
002203
002015
600688
603979
000878
002056
002841
600612
600879
600901
002926
600675
600707
000564
002372
002508
601228
002176
600299
000766
002008
603077
002244
600271
601399
600498
000898
000998
600007
000785
000400
600141
000937
000519
002240
603298
600499
600559
601098
002472
000513
600563
600578
002500
601212
600062
601106
000750
600673
002268
600008
601611
600933
601019
601866
605358
000591
601139
603650
600329
603444
600143
600208
002756
002439
603379
600685
603730
000921
600166
600739
002138
600399
603858
000997
002065
600295
600131
002368
002389
600098
600435
603477
002353
600373
002318
000537
002261
603305
002195
603228
600258
000623
603225
601118
603565
000739
600859
603517
002557
603927
002461
600392
000039
603185
601997
000403
601636
600737
601016
600777
600126
002409
601777
002507
601717
601128
000559
002145
603033
600801
000860
600339
002266
000034
600056
002153
002568
000951
600416
600562
601949
600956
000686
600633
600820
603883
000155
002273
600529
600959
000516
002867
601992
600816
002373
600422
600528
601608
002432
000060
000887
000598
002092
000636
000553
600808
600764
601702
002865
600970
603505
600312
002221
002906
600641
600827
000563
002229
600511
600456
603027
002506
600325
002423
002399
601519
600481
000967
600667
000927
002595
600580
002737
000543
002487
601801
603997
601828
000762
002670
603317
600315
600022
000567
000778
601333
600185
600388
603108
603127
002387
600363
600316
002408
603888
600246
600057
600297
002407
002192
000761
601952
000830
002643
600116
002544
601900
600123
603005
600967
002024
600225
002747
603025
000980
002518
002030
600755
002497
002157
600335
002131
600500
600771
000810
000158
603599
600850
000547
600602
001914
600750
600711
002155
002901
605589
601326
600395
603283
000028
002936
600323
000032
000712
000089
601969
600548
000627
002126
601918
002511
603236
002019
601375
000426
600572
603056
002925
603129
603638
600199
002831
002850
600821
601369
600740
002683
603039
600167
603515
002320
600452
600971
601975
600621
002151
002041
600595
002832
000902
002705
002958
601718
603355
600728
000539
600877
000581
002498
002847
002484
603866
600072
600864
601222
002332
000970
002773
600120
002675
600012
000031
603556
000930
000035
603919
002468
002254
000156
601827
002010
601882