600519
601398
601288
601857
601988
601628
600036
000858
600900
601088
600028
601318
000333
002415
601166
601138
600276
601658
000568
600809
601816
600309
601899
600030
002594
601328
002475
603259
603288
601668
002352
600000
601225
000001
601998
000651
601319
600406
002304
600104
601888
600887
601601
601633
601012
000625
600436
600025
002142
000725
002714
600050
600016
600019
600690
601818
601985
603501
601766
601919
600150
002371
600048
600919
003816
601995
601390
601127
600760
600018
600031
601211
601006
000002
600438
601688
000063
002050
600999
600989
000596
601728
000166
002230
002493
601066
600893
600346
601169
600188
603993
601800
600585
002027
000538
000895
601186
601989
600886
601111
600837
000792
601898
002736
603195
601881
000776
600011
600547
601229
002179
601689
001979
600029
601698
000100
600660
600845
600015
601100
002466
601600
601901
600085
002311
601238
000963
000617
600111
000708
600795
002920
600089
600941
000338
600009
600703
601009
603369
601699
002129
600958
601336
601669
002459
601360
000661
601788
600674
603986
600905
603392
600023
002049
601939
000768
600426
600745
001965
000938
600196
603198
600588
600570
600372
601018
600938
601727
601618
603019
002241
600115
000301
600584
600741
601916
002252
603799
000977
600926
603260
002648
601377
600600
600161
002001
600489
600039
601021
002938
600010
601872
600256
000999
600221
603833
002460
601877
002600
002821
600026
603659
000157
000983
000425
600061
600233
000800
600236
600803
000807
600522
601808
600027
600415
600176
002812
601838
601865
600160
002032
603806
002271
600332
601799
000876
601878
600079
600183
601117
600985
002463
002602
603605
002236
600482
600377
603939
601555
002007
603000
000932
000408
600418
601108
000786
600515
002555
002945
002916
601236
002294
000975
603899
600362
600546
601077
002180
000066
600895
000933
600606
601607
600460
600132
002603
603596
002156
600219
002064
002422
000733
601058
601298
002709
600702
002456
601216
000423
600350
603160
002078
600348
601231
600398
603345
000630
000987
002223
603290
600177
600157
600118
002410
600765
600298
603658
000783
605499
601991
600487
002152
000988
002128
603688
601233
603882
601168
600109
603728
600754
600862
601868
601958
000728
600060
603816
600885
601696
601990
002430
601615
002028
600968
603568
603233
600536
603786
000629
000009
600066
603087
002465
600998
000027
600705
002939
600642
603885
600566
600733
600875
002202
000723
601155
601966
600918
002185
002340
600129
600583
601880
600352
603606
600779
600637
603737
002074
603589
001872
603156
002080
601456
601162
601198
601933
601158
600517
600873
603893
600839
601577
600153
600096
000831
002673
000883
000738
601666
601567
002739
000021
600699
600369
600663
603826
601825
600518
601099
600378
002414
600848
600763
002429
600486
601598
002384
600497
603707
000050
600004
601928
002601
002608
600872
600871
600732
603613
002797
600863
002558
603456
002444
600655
603179
000703
002625
000069
600100
000729
002738
002624
603338
002120
600549
002607
603486
603712
002044
600704
601858
600383
600867
002385
600977
601179
600884
600380
002517
603868
000799
002405
600988
002436
000818
600516
002532
002025
600282
600909
600021
600535
002966
000960
600521
002281
601965
600095
000709
601001
002262
600598
600170
000893
600038
000825
002531
002299
000564
000959
002841
600483
000958
600390
605358
000785
601000
600582
000998
002372
002056
002008
600688
000878
002203
002015
600879
600707
002508
600271
600563
603979
601399
600901
000513
600299
600498
002926
600612
000683
600141
601636
603077
601228
000519
002244
603650
000400
000898
603298
600559
600933
000937
600007
600155
002472
601611
600675
600329
002500
601106
000591
600578
600166
000750
002268
601098
601212
600208
600673
600399
600008
002138
603730
002353
603858
600062
000921
600499
603517
600685
600739
601139
601866
000739
002409
600143
603444
603565
601019
600098
002557
603305
600859
600258
002065
000623
002389
603228
002261
603927
002439
603379
000997
002368
002240
600131
000537
603185
002507
000403
601118
002195
600373
600737
002145
601016
601717
601997
603225
002461
002318
000951
000559
600126
002176
601128
600056
002568
600295
600339
600392
000860
002266
000034
000039
603883
002153
600801
000516
600562
002273
600529
603985
000686
000887
600435
002756
600528
600956
600820
600511
600816
002432
601702
000766
601992
002867
002373
603477
603505
600959
603127
002092
601608
000553
600633
600777
002865
000060
002229
000598
002906
600970
601949
600416
603027
600808
600827
600246
600764
600422
002737
600667
603033
600312
600641
002221
600481
603997
002487
002506
000636
600580
002423
600325
000563
603317
002399
600456
002595
000967
600315
601828
600363
601519
600771
603005
600022
002670
002387
002408
000778
600316
601333
000158
000155
600297
000543
000567
601801
002544
002747
600388
600185
600225
603599
000980
600967
600123
002030
002024
601952
000761
000028
002643
600116
000810
000830
002407
600500
002518
600057
000547
603025
603283
002901
605589
600850
603108
002019
601900
002155
001914
002041
600572
601326
603056
603236
002131
600323
000089
600335
600877
601918
600750
002850
600199
000627
600755
002847
600395
600711
002511
603888
002936
601975
002683
000712
002126
002925
603638
603129
600602
002151
600548
601969
601375
603515
002192
002831
002484
603220
600167
600740
600452
601369
603039
600780
000426
002705
600072
000902
600971
600595
000581
002320
600006
000035
002468
002837
603866
601222
002675
601882
002497
000539
600821
603919
002958
603355
603267
002498
600621
002832
000031
002773
601677
002222
600601
000032
002010
600211
000970
000762
000503
600597
603279
601827
002317