600519
601398
601288
601857
601988
601628
600036
000858
600900
600028
601088
601318
000333
002415
601138
601166
000568
601658
600276
600809
002594
600309
600030
601899
601816
601328
002475
603259
601668
603288
600000
002352
000001
601319
601998
601225
000651
601888
002304
600406
601012
601633
600887
600104
601601
002142
600436
000725
600025
000625
600690
600050
002714
600019
600016
601818
600048
601985
601766
002371
601919
603501
600919
600031
600438
601127
601390
600760
000002
600150
003816
600018
601211
601688
601006
000063
600989
000596
600999
002050
002493
000166
002230
601066
601728
600346
600893
002027
601169
600585
603993
601800
601111
000538
002736
601186
000895
600188
600837
000792
601989
601881
000776
603195
600886
001979
601229
600011
002179
601689
600547
601898
600029
601698
601901
002466
601100
002311
600660
002920
000338
000617
600111
601600
000100
600845
002129
002459
601238
600015
000963
600009
000708
600703
600085
600089
601009
600795
603369
600941
601336
600958
601360
601669
601788
002049
603986
600426
600905
000661
600674
000768
600745
603392
600023
601699
601939
000938
600196
600570
600372
603198
600588
001965
603799
600115
603019
601618
603260
000301
601727
601018
600584
600926
000977
002241
600741
600938
601377
601916
600600
002648
600039
601021
002460
002001
600161
603833
002938
600489
600010
002252
601877
601872
600026
600256
600221
603659
600522
000999
603806
000425
002821
002600
600803
000876
600176
600233
002271
002812
000157
000807
600061
601838
601865
600236
601808
600160
600027
000800
600415
600332
601117
601878
000983
601799
002032
603605
600183
002602
600418
601555
002463
002236
000932
000786
000408
601995
600482
002180
601108
600377
600985
002916
002945
603899
603939
601236
600362
600606
002555
600079
002007
002294
002709
601058
600702
600132
000066
603000
601077
000933
000733
600515
600895
600460
000975
600219
002064
600546
601607
603596
002456
002156
601216
603345
002422
603160
000987
002603
002078
601231
601298
603688
600350
600398
600118
600765
000423
600487
603816
000783
000630
601233
600177
601615
600862
605499
601958
600298
002152
601991
600109
002223
000988
601868
600060
601696
603728
603885
000728
603882
603786
601168
002430
002202
603568
600705
600157
600885
600536
601966
600875
000629
600754
600968
603290
002465
601155
603737
601990
002340
000009
000027
002939
600348
002185
600779
600998
002074
002080
000723
002028
600918
603589
002128
603233
603156
600066
600352
600642
601162
600732
601880
600096
601577
603606
603658
600153
600566
601456
603893
600839
600517
601198
600699
601933
600583
600763
002673
000831
600873
001872
601158
000738
600637
002410
603087
000883
002739
002414
000021
600378
600848
601099
601825
601928
000069
600369
002384
002429
600486
600663
603826
600872
600518
603613
600497
600383
600004
002601
002797
603486
002625
603179
002608
600871
000818
000703
600733
002558
000729
002120
600655
000050
601567
603338
601666
002025
600549
002738
600100
600129
603456
000799
600867
600884
600863
002044
002444
002624
002405
600704
002436
601598
002532
002056
002517
600516
603712
600977
600021
600380
601179
600909
002531
002385
603868
601858
000960
600095
600521
600282
002372
002966
000564
600535
002244
000893
603707
000709
600390
600170
600988
002299
002607
600038
002508
605358
000959
600598
000825
000958
002008
000519
002841
002262
600498
600879
600563
601636
600141
600707
600675
600688
000878
600483
601399
600271
000683
603979
002926
002268
000785
600582
601098
000998
000898
002281
600299
600559
002472
603305
601001
601965
600155
000513
603298
600007
603077
603185
600208
002203
603650
603730
000921
002138
601000
600166
002500
601611
600933
603517
600901
000591
000750
601228
601106
600499
600673
002353
600143
600008
601212
600578
000739
603858
002409
000400
600126
000537
600612
600859
002015
002389
002261
600399
603927
603444
002065
600685
600739
601139
000623
603228
002368
600098
002176
603565
600329
601019
000937
002439
002557
002195
601866
002568
601118
603379
002240
000951
000997
002145
000860
600062
600392
000034
600131
601016
603225
002318
000559
601997
002461
600258
600801
600056
601128
600373
600339
600737
002865
600295
002507
002266
600816
600562
002153
601717
002273
002756
000039
000516
600325
600435
000686
600529
600820
000887
600481
600667
603505
601992
600528
601702
000060
600633
603985
603127
603883
002092
603033
600956
000553
000403
002906
002373
603997
600970
600416
002432
603477
601949
600959
603027
603005
601608
600456
000598
600777
600422
002423
600808
000155
002229
600764
002506
002867
600511
600827
600312
002595
002487
000636
600641
002408
002221
002399
600315
000563
601828
601519
002670
000766
600246
002747
600580
600297
600363
000967
600388
000567
002407
600316
002737
000980
603317
000778
601333
603129
002518
600225
601801
000158
002544
002387
600022
002030
000830
002024
600500
603220
600967
000547
002497
600199
002643
001914
002683
000028
600185
000810
600116
600771
601952
000761
603283
600850
601900
603599
002925
600266
603025
000543
000712
000627
603056
603108
603638
600323
002850
002511
600602
002126
600057
002847
603236
601326
600123
600711
600755
002131
000089
603888
603515
002151
000031
601975
002705
600548
601369
002936
002155
600572
601969
603355
603039
605589
601375
600452
002192
600877
601222
002675
603866
002484
000902
000581
000035
002019
603919
002468
000032
000539
002254
603267
601882
000829
600167
603279
600595
002041
601677
002837
000426
002317
603218
600750
600335
000970
601918
002010
002958
600072
600006
600601
600621
002831
600395
600740
600211
002761
000877
002773
000503
002320
002222
600996
600780
002498