600519
601398
601288
601857
601988
601628
600036
600900
000858
601088
600028
601318
000333
002415
601138
601166
601658
600276
600809
000568
601816
601899
600030
600309
601328
002475
002594
600000
601668
002352
603288
603259
601225
000651
601998
000001
601319
600406
002304
600887
601601
601633
600104
000625
600025
601888
601012
002714
600436
000725
601985
600050
600016
601818
002142
603501
600019
600690
600150
601919
601766
003816
601127
600048
002371
600919
600018
600760
601995
601006
601390
601211
600031
002050
002230
600999
000063
600989
601688
000002
600438
000166
601728
002493
000596
601169
600893
601066
600346
600188
002027
600886
601989
601800
000895
000538
601898
601881
600585
600011
601186
601111
000792
600837
000776
601689
603195
603993
600845
601229
002736
600547
002466
002179
601698
600660
600795
600029
600015
001979
601901
600085
000100
002311
002920
000338
600941
000963
000617
600111
601100
600089
601600
000708
600703
601699
601009
601360
601238
600674
601669
600009
600958
600023
601336
603986
600588
601939
603369
601788
001965
002459
603392
600905
000768
002129
000938
603019
600426
600372
601018
000661
002049
002241
600570
002252
600938
600196
601618
601916
603198
600115
600745
600584
601727
002001
600741
600161
002648
600926
000977
603799
601377
603260
601021
600600
600039
600489
002460
000301
000999
002938
601872
600010
000983
600221
002600
600256
601877
600803
600236
600160
600027
600061
000157
601878
600183
600415
000800
600522
000876
002463
601808
600233
603833
000425
601838
603659
002032
600332
600985
002812
600079
600176
601865
600377
603806
600026
002271
601799
603605
002821
600482
600418
601555
002602
002555
601108
601117
000408
002236
000807
002945
000932
603939
601077
601236
600546
002294
002916
002007
000786
603000
000066
000975
600515
601058
600362
002603
002156
002422
601298
600350
601607
603899
000933
603658
600606
002078
600219
601233
002064
000988
002152
600536
000423
601231
601216
600398
002180
603160
600348
600460
002739
000733
000630
600895
600298
000783
603596
002223
001872
600118
601991
601990
600132
600862
600109
600157
002709
600177
600642
002128
601168
000728
603345
002028
600998
000009
603786
601868
601696
600765
600702
603882
601958
605499
600066
000027
603087
603728
002456
002939
600566
603816
603568
600487
600705
002430
600637
603606
600885
603233
002410
600733
600779
002074
600060
601198
600968
601456
603893
000629
600153
603885
600918
002558
000987
000723
603826
600352
601158
601880
601615
600129
601598
002465
000883
002340
002185
600754
601567
600517
600875
601162
600873
002673
600378
601966
002202
601577
601933
603156
000831
601155
603688
601666
000021
600583
600096
603589
601825
600369
600518
600535
601928
603707
600848
002608
603290
002080
002738
600663
600863
002429
000738
600486
600839
603179
603737
601099
600871
002444
002797
002625
002414
600497
600699
002624
600655
002384
002601
601858
000050
603613
600977
600732
002517
600988
600100
600763
600549
600704
002044
002281
002262
603338
000703
600884
603712
600380
600038
002436
600867
002405
002966
600909
003022
000729
601179
600004
000766
600021
603456
600282
000069
600582
603868
000564
601001
600516
000893
002120
603486
000960
601965
000709
600170
600095
600521
002607
002025
000958
600707
000818
002532
002841
601000
600612
600483
000799
002531
600872
601019
600879
000959
000825
600598
600390
600901
002385
600271
601228
000400
002299
600299
002056
002926
600688
002203
600383
600675
002372
000878
603979
603077
601098
002508
000937
002015
000513
002008
601399
600578
600155
600498
000785
603225
002244
000683
603379
002439
601611
002268
002472
603650
000997
601106
603298
000519
600007
601139
603858
002500
603444
601866
600329
000898
600685
000750
000591
002138
600559
000998
600008
600933
601212
600062
603730
600143
600673
600499
600208
600373
600098
002368
002065
002176
600295
600131
603228
600166
600563
600739
605358
600399
000921
601717
002318
002240
000537
002261
603927
601997
002389
600777
002409
601636
600859
603477
000739
600258
601118
002195
603305
002756
601016
000039
000403
000623
603565
600956
600126
600435
002557
601128
600141
002461
000559
600737
603185
600056
600392
600416
002145
000034
600339
002353
002273
600529
002507
603517
002266
600801
002432
002568
601949
600562
600633
603033
600820
600959
601777
000686
002153
601702
000598
601608
002867
603883
002373
600312
601992
600528
000553
600764
002906
000636
000887
000155
600511
000951
600970
002229
600452
600808
000516
000060
601801
600641
002737
000860
002092
000563
603505
600816
002423
002221
600827
000927
002399
603997
600422
000967
600325
000543
600580
002506
601519
600667
603025
600456
603027
600316
603888
000567
002595
002747
601333
600022
600057
601828
600771
600481
002487
002670
600315
600363
002387
000778
600123
601900
002408
603127
000830
002643
603317
000761
600297
600116
000762
002544
601952
600225
600850
600185
000158
000032
600967
605589
002865
603236
002157
600755
000810
600246
600971
002131
600072
603599
601326
000980
603283
600572
002407
002925
002030
000028
603108
600750
600323
000547
600500
002024
600395
600602
601918
002936
002332
000089
002675
600388
002192
603056
002019
601375
000935
600621
002831
600167
600740
001914
002511
002155
600548
603556
002126
603638
002518
002683
002497
000426
601369
002773
600211
002901
002320
600012
601969
000712
600711
603005
000539
000627
002317
000902
603129
601975
603039
002850
600877
002498
000156
601882
603515
002958
601718
600821
002484
600728
002832
601827
600133
600595
601156
603355
600120
600199
000581
002238
600997
600996
002010
000970
000031
601222
601778
002222
603279
002287