600519
601398
601288
601857
601988
601628
600036
000858
600900
600028
601088
601318
000333
002415
601138
000568
601166
601658
600276
600809
002594
600309
600030
601899
601816
601328
603259
002475
603288
601668
600000
002352
000001
601319
601998
601888
000651
002304
601225
600406
601012
600887
601633
601601
600104
002142
600436
000725
600025
600690
002714
600050
600019
600016
601818
000625
601985
600048
601766
002371
603501
601919
600919
601127
600438
600031
600760
601390
600150
003816
601688
000002
600018
601211
000063
601006
000596
600999
002493
600989
002050
002230
000166
601066
600893
601728
600346
002027
601169
600585
603993
601800
601186
601111
000792
000538
601881
000895
002736
600837
600188
601989
000776
603195
600886
001979
601229
600011
002179
600547
601898
601689
600029
002466
601698
601100
002311
601901
601600
000617
600111
600845
600660
002129
002459
000338
000100
002920
601238
600009
000708
600703
600015
000963
600089
600085
601009
603369
600795
601336
601360
600958
600941
601669
601788
002049
603986
000661
600905
600426
000768
600674
603392
600023
600570
601939
600372
601699
000938
600745
600588
603799
600196
603198
001965
603260
603019
600115
601618
000301
601727
600584
600926
002241
601018
600600
600741
601377
601916
002648
600938
000977
601021
002460
600039
600489
002001
002252
600010
603833
600161
002938
601877
601872
603659
600221
600256
600026
600522
603806
002821
002812
000425
600233
600803
601865
600176
000999
002600
002271
000807
000876
000157
600061
601838
600236
601808
600415
000800
600027
601878
600332
601117
600160
000983
601799
603605
002032
601555
002602
600183
002463
600418
002236
000786
000932
002180
601995
600482
601108
000408
002916
002945
603939
601236
600377
600362
002555
603899
002709
002007
600132
600985
600079
603000
600702
600606
000733
600895
000066
601058
600460
601077
002294
000933
600515
000975
002064
600219
601607
603345
002156
601216
603596
603160
000987
002456
600546
002422
002078
601615
603688
600118
600765
600487
601231
000988
601298
000630
603728
000783
600350
000423
600862
603882
002603
601958
601233
600398
601991
600177
603816
600109
603290
603786
603885
601868
002152
601696
600298
002430
000728
002465
002223
002202
601168
600060
600536
600875
600705
600157
603568
000629
600968
600885
600754
601966
002340
601990
002074
603737
000009
002939
002028
603156
605499
600779
600348
000027
002185
002080
603589
603233
600918
601155
600732
002128
000723
600839
603606
601162
600352
600998
600066
600642
600096
603893
601880
600763
600517
601456
601198
600583
601577
000831
000738
002410
601933
002673
603658
600153
600873
001872
600637
601158
000883
000021
600566
603087
002414
601099
002739
600699
601825
601928
603613
002384
002601
600872
600369
600848
600497
603486
002429
000069
600486
600004
002797
600378
600733
600663
000818
603826
600871
002625
600518
002608
601858
000703
002738
002120
603456
600383
002558
603338
600100
603179
000729
000050
600655
600129
000799
600549
600884
601666
002025
002436
600867
002444
002624
601567
002044
002532
600863
002405
600977
601179
600704
002056
002531
601598
600516
002517
600909
600021
000960
600988
002385
600095
603868
002372
603712
600282
600380
600521
600390
600170
000709
605358
600535
000893
603707
002299
600038
002262
002966
002281
002607
000958
600598
000959
002508
002008
600498
000825
601636
600707
600879
600563
000519
002841
002195
000564
600141
000878
600688
002244
600483
601399
603979
600271
601098
600582
000683
002926
603185
000785
600559
000998
002472
603650
000898
600299
000513
603077
002203
000591
603517
002500
600675
601611
600155
603305
600166
603298
601965
600208
600499
002138
601001
600901
601000
600007
000921
601106
600143
601228
000750
600933
600673
002353
603730
600578
002176
601212
002268
600008
002409
002261
002389
000537
600859
603444
002240
000739
000400
603565
603858
002015
603927
600399
600685
002557
002065
601139
600612
600739
600329
600098
002568
601019
603228
002439
601118
000623
002145
601866
000937
002368
600392
600126
601016
600131
000997
600062
000951
000034
600339
600258
603225
601997
000860
600801
601128
002266
002507
002318
002461
002153
600737
603985
600056
002756
600295
000559
002865
603379
600373
600562
000686
600481
002273
601717
000039
600816
603127
002229
603033
600633
600528
600529
603883
600435
603505
600820
002092
600325
000060
600956
601949
601702
600416
000403
601992
000516
002432
600970
000887
603027
600777
603997
601608
000553
002373
600456
600422
002506
002487
600764
000598
600808
000155
002423
600827
603477
600641
600959
600667
002867
600511
603005
002670
000636
002408
601519
002747
000980
002595
002518
600312
600315
002906
002221
000563
600388
002387
600580
000567
002399
600316
002407
603129
000158
000967
002544
600363
603317
601828
601801
600297
600225
000778
603220
000830
600500
601333
002737
000547
002030
600022
002497
601900
002643
600199
600967
002024
002683
000810
000028
001914
600771
600116
600185
603599
601952
600850
002850
000761
600711
000627
603025
002131
000766
603056
000712
603236
000543
603888
002511
600602
002192
601975
603283
601326
002155
603638
600323
002151
600246
600057
601369
002925
605589
600755
603515
002936
600123
002484
603108
600266
000089
002705
603267
601882
601222
601375
002468
600572
000539
600452
601969
002847
603866
603039
002019
600548
600595
603919
600877
000581
002126
000035
000032
000426
601677
603218
603355
000031
600072
600167
002675
603279
002254
000902
600601
600750
002010
002041
000970
002239
002222
600621
002958
000877
600395
600211
002317
600996
002837
600740
601918
601778
002761
002320
603678
002831
600335
603733
000762
002773