600519
601398
601288
601857
601988
601628
600036
000858
600900
600028
601088
601318
000333
002415
601166
601658
600276
601138
000568
600809
601816
601899
600309
600030
002594
601328
002475
603288
601668
002352
603259
600000
601225
000001
000651
601998
601319
600406
002304
600887
601888
600104
601633
601012
601601
000625
600025
002714
600436
000725
002142
600016
600019
600050
601818
600690
601985
603501
601919
600150
601766
600919
003816
600048
002371
601995
600760
600018
601390
600031
601127
601006
601211
600438
000002
601688
600989
002050
600999
000063
000166
601728
000596
002493
002230
601066
600346
601169
600893
600188
601800
000895
601881
600585
601898
603993
000792
601989
000538
601186
601111
002027
600886
000776
600547
600837
002736
600011
002466
603195
601229
002179
601689
600029
600845
001979
601698
000100
601100
600660
600015
601901
600111
002311
000338
600085
600795
601238
000617
601600
000963
600941
600089
000708
002920
600703
600009
601009
601699
600958
002129
603369
002459
600674
601336
601669
600023
601360
601788
000661
000768
001965
603986
600905
601939
600426
603392
002049
600588
600196
600372
601018
603019
000938
600570
600938
603799
601618
600115
601727
601916
600745
002252
603198
000301
603260
600926
002241
600741
600584
002648
002001
601377
600489
600161
002460
600039
600600
601021
000977
600010
600256
601872
002938
000999
600221
601877
002600
600026
000157
603659
600522
000983
600236
600027
600061
000800
002812
600160
002032
603833
000876
000425
601808
600803
600233
600415
601865
601838
600332
600176
603806
600079
002821
000807
601878
600985
601117
600377
002602
002271
600183
603605
601799
600482
002463
600418
601555
000408
002555
002007
600515
000932
002236
601108
000786
603939
002294
000975
002945
603899
601236
600362
603000
601077
600546
002916
000066
002180
601058
601607
000933
601298
002156
002422
600895
600606
600219
600132
002064
600350
002603
002709
600460
000423
600398
601216
000733
000630
002078
600702
600348
603087
603596
000987
603160
002456
600765
600298
002223
600118
603658
601231
603688
601233
601168
600177
603345
002128
600157
000783
600862
603290
603882
601958
601868
600487
601991
600109
002152
002410
605499
000728
000009
002074
601990
601696
603606
600754
600066
600060
603816
000988
603728
600885
601615
002430
603568
600998
600536
600705
603233
603786
600642
000629
603885
600733
000027
002939
600968
002028
600566
002340
000723
001872
600875
600918
600637
002738
002202
601880
600352
601198
002185
601158
600873
601456
603589
600096
600779
601966
601162
000831
002465
601933
603826
601155
600153
600517
601577
002080
600129
600583
000883
603156
002673
603893
601666
603737
600663
601598
601567
600378
000738
002739
600369
600518
601825
000021
600848
600497
601928
600699
600732
002429
600839
002608
002558
600486
601099
600871
603707
600863
002414
002601
002797
600004
600763
600655
002384
000050
000703
002444
603613
002625
600549
600884
603338
002624
603179
600988
600977
600872
000729
603868
600867
002120
000069
002262
600704
603456
600535
601179
601858
002044
603712
603486
002607
600380
002517
600100
002385
002025
000893
600516
600282
600383
002436
002966
000960
600021
600909
002405
000799
002532
600598
600521
600095
601001
000709
000818
002299
002281
600170
002531
000959
600038
000825
000958
601965
601000
600390
600483
600582
000766
600612
600688
002203
002372
002015
002841
000878
000683
002056
603979
600155
002176
002508
600879
601228
000564
600901
600299
600707
002926
002008
002244
601399
603077
600271
000785
605358
600007
600141
000400
000898
600563
000513
600499
600675
000998
603298
000519
000937
601098
600498
600559
002240
600673
600933
600329
601611
601106
600578
002472
601212
000591
002268
000750
600062
002500
603650
600399
600008
600208
600685
601866
601139
603444
600166
002439
601019
603858
002756
600143
002138
600739
603730
603379
000921
600131
601636
002353
002389
000739
600098
000997
603305
600258
600859
002065
002557
000623
603517
002368
603477
603565
601118
002195
600373
002318
002507
603185
601777
603225
002409
603228
000537
600392
600295
002261
600737
600126
000403
002461
601997
601016
603927
600435
000039
002145
000559
601128
601717
603033
600056
000860
002266
600801
600339
000951
000155
600777
000034
002568
600562
603883
601949
600529
002153
600956
600820
002865
002867
600816
000686
600959
601992
600970
002273
000516
600416
600528
000553
000887
601702
601608
000060
603505
000598
002092
600511
002432
600764
600633
002221
002373
600808
600422
600641
002229
002487
000762
600312
002906
603027
600481
002399
002506
600667
600827
600456
000563
600325
000927
002737
002595
002423
600580
600315
603317
601828
603127
601519
603997
000967
000778
000636
601333
000543
600185
601801
600022
002670
000567
002192
600297
600316
002408
600771
600363
002407
600246
600388
600057
600116
601952
002643
603005
002544
600123
000761
002518
000830
600967
002747
002387
000980
002024
002030
603599
603025
600500
002131
000158
600335
002019
002497
600755
600225
002155
001914
600750
605589
002901
000547
600711
601900
000810
601326
000028
000712
600323
600850
601918
000032
002936
603283
000089
600395
002511
603888
600572
600199
601969
002126
002683
000627
600548
603638
603056
603985
601375
002831
601975
603236
600877
600602
600740
603108
000426
603129
002850
601369
002925
600167
603515
600821
002320
600595
600452
000902
603039
600072
000581
002847
603355
002705
002151
600971
002484
002773
002832
002332
600133
002498
002468
002675
000539
002958
601222
600006
603866
000503
002041
000970
000035
601718
600621
002254
002837
000930
603919
600012
000031
603556
601882
002091
601677
600120