600519
601398
601288
601857
601988
601628
600036
000858
600900
601088
600028
601318
000333
002415
601166
601658
600276
000568
601138
600809
601816
601899
600309
600030
002594
601328
002475
603288
601668
600000
002352
603259
601225
000001
000651
601998
601319
600406
600104
002304
600887
601888
601633
601601
601012
000625
600025
600436
002714
000725
002142
600016
600050
600019
601818
601985
600690
603501
601919
601766
600150
003816
002371
601995
600919
600018
600760
600048
601390
600031
601127
601006
601211
600438
601688
000002
600999
002050
600989
000166
601728
000063
002493
000596
002230
601066
601169
600346
600893
600188
601800
601881
000895
600585
000538
601989
002027
601186
601898
600886
601111
603993
002736
000792
600837
600547
600011
000776
603195
601229
002179
601689
600029
600845
002466
601698
601100
600015
001979
600660
000100
600085
601901
600795
002311
600111
000338
000617
000708
601238
601600
000963
600941
002920
600089
600009
600703
601009
601699
600958
600674
603369
601669
002129
601336
600023
002459
601360
601788
000661
001965
601939
600905
600426
603392
603986
000768
002049
601018
600372
600196
600588
000938
600570
603019
600938
600115
601618
600745
601727
601916
002252
000301
603799
603198
600584
002241
600741
600926
603260
601377
002648
600161
600489
600039
002001
000977
600600
601021
600256
000999
600010
601872
002460
002938
600221
601877
000157
600026
600236
002600
000983
600522
600027
603659
600061
603833
002032
000800
000425
601808
600233
600803
600160
600415
002812
600176
601865
600332
000876
601838
600079
603806
601878
000807
002821
601799
600985
601117
002271
600377
600183
603605
002463
002602
601555
600418
600482
603939
600515
002236
002007
000408
601108
000932
000786
000975
002555
002945
601236
603000
002294
601077
603899
600546
600362
002916
000066
002180
601607
000933
601058
600895
601298
002603
002422
600350
002156
600606
600219
600460
002064
600132
000423
000733
600398
601216
002709
002078
603596
000630
000987
600348
603160
002456
600702
002223
600765
601231
600298
600118
603658
600177
000783
603345
002128
603688
600157
600862
600487
601233
601168
603087
601991
601868
603290
002152
605499
600109
002410
000728
601958
601990
603882
000009
603606
601696
000988
600060
600754
603816
002430
600885
603568
600066
603786
603728
603233
600536
600998
600968
600642
002028
600733
600566
600705
601615
000027
000629
002939
600875
603885
001872
600918
002202
002074
600637
601880
002340
600352
601198
600129
601966
002185
000723
601456
002465
601158
002080
603156
600096
601162
600873
601577
601933
600517
600583
603826
600153
000883
603589
601155
600779
002673
000831
603893
603737
601666
601598
600378
601567
000738
002739
600663
000021
601825
600369
600699
600839
600518
601099
600848
600497
600486
002608
002429
002414
601928
002738
600863
600871
600004
002797
002601
002444
600732
603707
000050
600655
002384
000703
002558
603613
600884
603338
600872
002625
603179
600763
000729
600549
600988
603712
601179
601858
600535
600867
600977
002624
600704
000069
600100
002262
002044
600380
603456
002607
002120
603486
600282
600516
002025
600909
000893
600021
002532
000818
002385
002405
002966
002436
603868
600383
600095
000960
002281
000709
002517
600598
600521
601001
000799
600170
002531
002299
600038
600483
601000
000959
000958
000825
000564
600390
600612
600582
601965
600901
000878
603979
600688
002841
002203
600155
002372
002508
002056
605358
002926
600879
002015
600271
603077
600299
000683
601228
601399
002008
600707
000898
000400
603298
000766
000519
002176
600329
002244
601636
600007
600498
600563
000785
600141
000937
000513
600933
600673
601611
600399
601106
600559
600578
600499
601098
000998
002500
601212
002472
000750
600675
002268
600062
600008
600166
000591
603650
600208
600685
002138
603858
601866
601139
002439
601019
603379
603730
600739
002240
603565
600098
600143
000921
002368
002557
002353
600258
600131
000997
002389
603305
000623
000739
603517
600859
002065
000403
601118
603228
601777
601997
002318
002261
000537
603444
600737
002507
002409
600373
600126
002195
601016
603033
603225
603185
603927
002461
600295
600435
000039
000559
601717
601128
002145
600392
000951
600339
600056
002756
600801
002266
000860
603883
002568
000034
603477
600562
600956
002153
002229
600820
000516
600529
000686
000155
002867
600528
601992
002273
002865
601608
600777
600816
600511
000887
600970
601702
002432
000553
000598
600959
600416
600808
601949
002092
000060
603505
600633
002373
600764
002487
600827
600422
603027
600312
002737
002906
600641
600667
002221
000563
600481
000927
002399
002506
600456
002423
002595
603317
600325
600315
603997
000778
000636
600580
601828
603127
000543
601519
600022
000967
601333
002670
601801
603985
600246
000567
600388
600316
600297
002408
600335
600771
600363
600116
000158
600185
002544
002030
603005
000761
002387
000762
600967
002643
600123
000980
002747
601952
002024
002407
603599
000830
603025
600057
000028
600225
000547
601326
600750
002155
605589
600500
002518
002901
002019
000810
600323
002192
000032
001914
002131
600755
603283
600572
600395
002936
000089
600850
600711
601918
600548
002126
002511
603056
600199
600602
601975
603638
603888
601900
603129
000712
000627
002683
002847
601969
600877
601375
603236
002831
600740
002850
002925
000426
601369
603515
603108
600452
002151
002497
002320
600167
000581
600072
002705
000902
603355
002832
600595
600821
002484
603866
000539
002958
002498
600006
603039
002773
600971
002332
600621
600012
601222
002468
000503
000035
002675
601882
600597
002041
601718
002254
603267
000970
002010
600211
603919
002222
601677
600120
603220