600519
601398
601288
601857
601988
601628
600036
000858
600900
600028
601088
601318
000333
002415
601166
600276
000568
601138
601658
600809
600309
601816
600030
002594
601899
002475
601328
603259
603288
601668
002352
600000
000001
601225
601998
000651
601319
600104
601888
600406
000625
002304
600887
601633
601601
601012
002142
600436
600025
000725
002714
600690
600019
600016
600050
601818
601985
600048
002371
601766
603501
601919
600919
601127
600150
600031
600760
601390
003816
600018
600438
000002
601211
601006
600989
601688
002050
000596
000063
600999
002493
000166
601728
600346
601066
002230
002027
600893
601169
600585
603993
600188
601800
000538
000895
601111
601186
000792
601989
600837
002736
603195
000776
600886
601881
001979
601898
600011
601229
002179
600547
601689
600029
601698
000338
000100
601100
600660
601238
002466
002311
601600
600015
600845
600111
000617
000708
600085
002920
000963
600089
601901
600703
600009
600795
002129
002459
601009
603369
600941
600958
000661
601669
601336
601699
600426
601360
601788
603986
600905
002049
600674
600745
000768
601939
001965
600023
603392
600196
000938
600372
600570
600588
603198
601018
601727
600115
000301
603799
601618
600741
002241
603019
603260
600584
600926
601916
600938
601377
600600
002648
601021
000977
600039
600161
600489
002001
002252
603833
002938
600010
601872
002460
601877
600256
000800
000999
600221
002821
002600
000425
600026
603659
600233
600522
000876
600176
000157
600803
002812
000807
603806
600061
000983
002271
600236
601838
600160
601808
601865
600027
600415
600332
600418
002032
603605
601878
601117
601799
600079
600183
002463
603000
000932
002236
600985
601555
600482
000786
600377
603939
000408
002602
601108
002916
002180
002294
002945
600362
002007
601995
600895
601236
600515
603899
600546
002555
601058
601077
002603
000933
600606
000066
000975
600132
601607
600460
002709
002064
600219
002156
002422
000733
603596
600702
603160
601216
603345
002456
002078
601298
600398
000423
600350
000987
601231
600157
600118
002410
002223
603290
600177
000630
600298
603816
603688
601233
601615
600765
600487
603882
601991
000783
601958
002430
603728
603885
600733
002152
601168
600885
601868
605499
600348
600862
600060
000728
600109
603568
002128
002202
601966
601696
002465
000009
603786
000988
600754
601155
600875
000723
002028
000629
600968
603233
600566
600066
600998
600536
600705
002340
601990
000027
603658
603737
002185
002939
002074
002080
603606
600352
603156
600642
603589
600918
601880
600779
603087
601456
601933
601158
600517
601198
600096
601162
600873
600583
603893
601577
600153
001872
600699
000738
002673
600637
000831
600129
000883
600839
600518
600763
600378
002414
600848
002739
002429
600663
002601
600732
002384
600486
600369
601825
000021
600004
601567
603826
601099
601666
600497
600872
601928
002608
000050
600871
002797
000069
002625
000703
603179
002444
600655
603613
603486
002120
600863
000729
603338
002025
603456
002558
600549
600867
600383
002044
600100
603707
002385
000818
002738
002532
600884
601598
600704
600380
000799
601179
002405
002262
603712
002624
600516
002436
600282
603868
002966
600977
600021
600535
600909
600521
002531
600988
000960
000709
601858
002517
002372
600038
600095
600170
002607
000959
002299
000825
600598
605358
002841
002508
000893
600390
002056
000958
002244
002008
000564
600707
000998
600688
002203
000878
600582
600483
601965
600879
601636
601399
601001
000785
000519
603298
600141
603979
000513
600299
000683
601000
600498
600563
002926
600675
600271
000898
600166
600933
603650
002472
603077
600155
603730
600901
000921
600559
600007
002281
601228
000591
601611
600399
002500
002353
002138
600673
600208
601106
000750
603305
601212
603517
600329
600578
000400
002015
600008
603858
002268
601098
600143
000937
600612
002409
000739
603185
600499
600685
603565
601139
600859
002389
600739
000537
600098
000623
603228
002557
600126
601866
002065
603444
603927
002240
601118
002261
600062
000951
002439
601019
600258
600737
002195
002568
000559
603225
002318
000997
002507
601016
603379
600131
002176
002145
600392
601997
002461
002368
600373
600295
600801
600056
601128
002266
000860
002273
600339
601717
000039
600562
000516
000887
600529
000034
603883
600435
002906
002153
600820
002756
000766
603505
000686
600956
002092
000403
601702
600816
000553
601992
603127
600528
000060
600416
600633
002865
002432
600325
002373
600481
603027
601608
603477
600246
000598
600970
603985
600777
600511
002867
603997
600764
002487
600959
600827
600667
600808
002737
603033
600312
600456
600641
002506
600422
603005
000636
002595
002423
601949
600315
002399
000155
002408
600580
002221
000563
600363
000967
002387
002229
600316
601828
603317
000778
601519
600297
600388
002670
002747
000980
600022
000567
000543
601333
000158
002407
000830
002024
601801
600006
600500
600967
600225
603599
002544
002030
002518
601952
000028
002041
000761
600116
000810
002643
600771
000547
603129
603283
600123
001914
002126
603025
600057
002683
600850
002901
603056
605589
002497
603888
600323
002850
600877
002155
000712
600572
002847
002511
600711
002925
603638
600335
601326
600199
601975
601369
603236
000089
000627
600185
002936
002151
600755
603515
600548
600602
601969
002705
000581
000902
002192
002484
603866
002468
002131
601222
601375
600750
603355
002675
000426
601900
600167
600452
002831
601882
000035
601918
600395
002317
601677
600595
000031
600072
603919
002019
000539
603267
600740
603279
600266
002320
603039
600821
002222
002958
000503
002010
002254
600621
002773
603218
000032
000970
002498
600780
601778
603220
600211
600597
002837
603197
000877