600519
601398
601288
601857
601988
601628
600036
600900
000858
601088
600028
601318
000333
002415
601166
601138
601658
600276
600809
000568
601816
601899
600309
600030
002475
601328
002594
601668
002352
600000
603288
603259
601225
000651
601998
000001
601319
600406
002304
600887
601601
601633
600104
601012
600025
601888
000625
002714
600436
000725
601985
600050
002142
600016
601818
600019
603501
601127
601919
600150
600690
601766
600048
003816
600919
002371
600018
601995
600760
601390
601211
601006
600031
000063
002050
002230
600989
000002
600999
601688
600438
601728
000166
002493
601169
600346
601066
000596
600893
600188
002027
601989
601800
601881
000895
000538
600886
601898
600585
601186
000776
601111
603993
600011
600837
603195
000792
601689
002736
601229
600845
600547
002466
002179
001979
601698
600029
600795
600660
601901
600015
603392
002311
000100
002920
600941
600085
000963
000338
000617
600111
601100
600703
601699
601600
000708
600089
601009
601238
600674
601360
600958
600009
601669
600023
601336
603986
601788
601939
600588
002459
001965
002129
600905
600426
000768
603369
000938
601018
603019
600372
000661
002241
002049
600938
600570
600196
600745
601618
601916
600115
601727
600584
002252
600741
002001
600926
603198
601377
000977
603799
600161
002648
603260
601021
600600
600039
000301
002460
002938
600489
601872
000999
600256
600221
600010
000983
600803
600160
002600
601877
600236
600061
000157
600027
600415
601878
000876
600522
601838
600233
601808
603833
600183
000425
000800
600026
600332
002463
600985
601865
603659
002032
603806
002271
600176
002821
603605
600079
002812
601799
600377
600482
000807
002602
000408
601555
601108
601117
002555
600418
000786
002945
601236
002236
600546
601077
603939
000975
000932
002294
603000
002916
600362
002007
600515
601058
000933
002156
000066
600350
601298
002422
603899
600606
002180
603658
002064
600219
002603
601233
002078
600398
600460
601607
601216
600536
601456
601231
600348
002223
000423
002152
000987
000733
000988
603160
000630
600298
000783
600109
002709
600157
601991
600177
600132
600895
600118
000728
600642
002128
601168
603596
002028
601990
601868
600862
603728
000009
601696
600702
603345
603882
601958
000027
600066
605499
603786
603290
002939
600487
600637
600968
001872
603568
600765
603816
600705
002739
603233
603606
600566
002430
600060
600885
000629
002456
600779
603087
601198
000723
600873
603826
600352
601158
601880
600733
600998
002410
600918
601598
601155
600153
600517
600378
600875
600754
000883
601162
002185
002558
603885
603893
002465
002673
601615
002340
601567
002074
601577
601966
002202
601928
601933
600663
601666
000831
600518
603688
603589
600129
601825
002444
000021
002080
600583
002608
600369
002738
603707
603737
600848
603156
601099
002429
002625
600096
002797
600535
600863
600497
600655
000738
600871
600839
002384
600699
002624
002414
600486
002601
603613
603338
000050
600977
000703
600732
603179
601179
600763
600549
600004
603868
600704
002517
600988
002262
600100
601858
600380
000564
002044
003022
600909
000729
000069
600282
002436
000960
002966
603712
601001
600021
002120
603456
600516
600038
600582
600095
002281
000893
002405
601019
000709
000958
600170
603486
002532
600612
600521
000799
600867
600884
603979
002025
601000
600390
000818
002531
000959
600483
600155
000825
600707
002841
600598
600675
002926
601965
601228
600299
000400
002372
600688
002299
000878
002607
600383
600901
002244
601098
600879
002203
603298
600271
000785
600872
601139
002176
000937
002056
600578
603225
601399
603077
002508
600673
600498
000513
002008
600685
601611
601106
000750
002385
002015
603379
002500
000898
600007
000519
601866
600141
600373
002472
000683
000591
601212
000997
603444
002439
600008
002138
603650
600143
600559
000998
002368
600062
600329
002268
600208
000766
600499
600098
600933
603858
600295
600563
603730
002065
605358
600166
002318
603228
002389
002240
600739
600399
600777
002353
603927
601636
600131
601118
601997
600859
601717
600258
000537
601016
002261
002195
000921
000739
600126
002557
603565
000039
603305
002409
000623
002756
601949
600956
000403
600435
603477
600737
601128
600959
000559
002145
002461
603185
600392
600801
600339
600820
603517
600056
600416
002273
600562
601702
000686
002507
000034
002432
600529
002266
002568
601608
600633
002867
601777
000598
002153
000553
000155
600312
601992
000636
002906
600528
603033
000887
600764
603883
002373
002229
000951
601801
600808
000060
002221
600816
600970
002092
000516
000563
002423
000927
600641
600511
600325
603505
600827
603997
000967
002387
000032
600667
601900
601519
002399
000860
603888
002737
002506
600580
600422
002670
000543
601828
002157
600452
603027
002487
000567
002595
600123
601333
600456
600481
600022
603127
002408
002643
600057
000778
600185
603025
600316
600315
600297
600116
603005
601952
603317
000830
000761
600771
600363
605589
002747
600967
002544
600225
002131
000810
002518
600850
600755
002407
601326
600072
002030
600246
000158
000980
002925
002865
603283
000547
600323
600621
002024
600500
600971
002936
600395
603056
603599
603556
000935
000089
603236
601918
000762
000028
002192
600602
601375
603638
002675
002155
002831
600572
603129
001914
002511
600388
002320
600740
600750
002126
002683
600167
601969
601369
600548
000712
000156
002497
600711
600335
000627
002901
002019
000426
000539
601718
600877
002850
002151
002498
603108
600595
002958
601975
002484
000902
600120
603515
601882
600821
600864
002832
601827
603039
002773
002010
603355
601222
600997
600012
000581
600996
000970
601156
603279
002091
601778
000930
000031
600211
600728
601595
002468