600519
601398
601288
601857
601988
601628
600036
000858
600900
601088
600028
601318
000333
002415
600276
601166
000568
601138
601658
600809
600309
601899
601816
600030
002594
002475
601328
603259
603288
601668
002352
600000
601225
000001
000651
601998
601319
600104
601888
600406
002304
600887
000625
601633
601601
601012
600436
002142
600025
000725
002714
600690
600019
600050
600016
601818
603501
601985
601766
601919
002371
600048
600919
600150
003816
600760
600018
600031
601390
601127
600438
601211
000002
601006
600989
002050
601688
000596
600999
000063
002493
000166
601728
600346
601066
600893
002230
002027
601169
600188
600585
603993
000895
000538
601800
601111
601989
603195
000792
002736
601186
600837
000776
601881
600886
601898
600547
002179
001979
600011
601229
601689
600029
601698
000338
600660
000100
601100
002466
600015
601238
002920
601600
600111
000708
600845
002311
000617
600089
600085
000963
601901
600795
600703
600009
002129
603369
600941
002459
601009
601699
000661
600958
601336
601669
601788
600426
603986
601360
600905
002049
600674
000768
600023
001965
601939
600745
603392
603198
600196
000938
600372
600588
600570
601018
601727
600115
600741
000301
600938
600584
601618
002241
603019
603799
603260
601916
600926
002648
600489
601377
600600
000977
600161
601021
002001
600039
002252
002938
601872
600010
603833
000800
601877
600256
002460
000999
600221
002821
600026
002600
603659
600233
000876
000425
600522
000157
600803
000807
600176
000983
603806
600061
600236
002812
600160
601808
601838
601865
002271
600027
600415
600332
002032
603605
601799
601878
600183
600985
601117
600418
002463
600079
603000
601555
600377
002236
600482
000932
002602
000408
603939
000786
002916
002294
601108
601995
002945
600362
601236
002007
600515
002180
000975
603899
600546
600895
002555
601077
000933
601058
000066
600460
002603
600606
000733
600132
002156
601607
002064
603596
002422
600219
002709
600702
603345
002078
603160
601298
601216
002456
601231
600398
000423
600350
603290
000630
600157
000987
002223
600118
002410
600348
600298
600177
601233
603728
605499
600765
603882
603816
601615
601958
000783
600862
603688
002152
601991
600487
002430
601168
002128
600885
601868
603786
600060
600109
603885
000728
603568
000009
601696
601966
601990
600968
002202
600066
000988
002465
600733
000629
002028
002185
600875
600998
000723
601155
600754
603233
600536
600566
002074
002340
000027
603658
600705
002939
600642
603737
603606
600918
603156
600352
002080
600779
603589
601880
600873
601158
600699
600096
603893
601198
600583
600517
601456
603087
601162
000831
001872
000021
601577
601933
600637
601666
002673
000738
600153
000883
600129
600378
002414
601567
002384
600839
002601
002429
002739
600663
600848
000050
600486
600518
601825
600763
603826
600004
600732
600369
600497
601099
600872
002608
603707
600871
603613
002797
601928
000703
002625
603179
600655
002444
600863
000729
603456
603486
603338
002120
000069
600549
002385
002025
601598
000818
600100
002558
002044
002436
002738
600867
600884
603868
600704
002607
601179
002532
603712
600380
600988
002624
002405
600383
000799
600516
000960
600282
002262
600535
002966
600977
600521
002531
600909
600021
000709
600707
600095
600170
600038
600598
002517
000998
000893
000959
000825
605358
002299
601001
002372
601858
002508
600390
002841
002056
000958
002008
000878
601000
600483
002203
600582
601965
600563
600688
603979
600879
601636
000785
600299
000519
601399
000564
603298
000513
600141
600933
603650
603730
002472
000683
002926
000400
002244
600271
600498
603077
600901
600559
000898
002281
002138
600166
601228
600155
000937
600007
600673
002353
601212
601611
000591
002015
000921
600399
600612
002500
603517
601106
600208
600578
600675
603305
000750
603858
600008
600329
002409
600143
000739
603565
002268
002389
600499
601139
603185
601098
600685
603228
600739
600098
000623
600859
000537
002557
601866
002261
603379
600062
603444
600737
002065
601118
002439
002240
603927
600258
601019
603225
000951
002195
601717
000559
002507
600126
600131
002318
002568
000997
600392
002461
601016
002145
002368
000860
600295
601997
000039
002176
002273
002266
600801
601128
600373
600339
600056
000516
600435
600562
600529
000887
000034
603883
000403
002153
002756
601702
002906
000766
603505
600820
000686
000553
600956
002092
601992
000060
600816
002432
603027
600528
600416
603127
002229
603477
002373
002867
000598
600667
601608
603997
600511
600777
002865
603985
600481
600641
600580
600764
600970
600312
002487
600959
603033
600633
002737
600808
600827
000636
002506
002595
600456
600246
600325
600363
002399
603005
002423
600422
600315
002408
002221
601949
002387
000563
000967
000155
603317
601828
000158
002670
600316
601519
002643
000778
002747
000567
600297
600022
600388
000543
000980
601333
603599
002544
000830
600967
603129
002024
002030
600225
601801
601952
002041
600500
002407
000028
600123
000761
603283
002518
600116
600006
000547
002155
600771
000810
603025
002126
002847
600057
603056
600185
002683
002901
001914
600850
600323
002850
605589
600335
600572
603236
002925
002511
603638
600711
601369
600877
002497
000089
603515
601326
000627
002151
002019
600755
601975
002936
600199
600548
601918
002484
000712
601882
601969
600602
600750
600395
000581
000902
002705
603888
000426
601222
601375
002131
002192
002675
002831
600167
600740
600452
603267
000035
002468
603866
600595
601900
603355
002617
002320
601677
603919
600780
002837
603279
000970
600971
000031
000539
600821
002498
603039
002773
600621
002317
002958
002254
002010
002832
600072
601827
002222
600597
601137
601778
603218
600211
603197