600519
601398
601288
601857
601988
601628
600036
000858
600900
600028
601088
601318
000333
002415
601166
000568
601658
600276
601138
600809
600309
600030
601816
601899
002594
601328
002475
603259
601668
603288
600000
002352
000001
601225
601998
000651
601319
600104
600406
601888
000625
002304
600887
601633
601601
601012
002142
600436
000725
600025
002714
600690
600050
600016
601818
600019
601985
603501
600048
002371
601919
601766
600919
600760
600031
600150
600438
601127
600018
003816
000002
601390
601211
601006
601688
600989
000063
600999
000596
002050
002493
000166
601728
601066
002230
600346
600893
601169
002027
600585
603993
600188
601111
601800
002736
000895
000538
601186
600837
601989
000792
600886
601881
001979
000776
603195
601898
601229
600011
600547
002179
601689
600029
601698
601100
000338
000100
002311
600660
002466
600015
601600
000617
600845
601238
000708
600111
002920
600085
000963
002129
600009
600703
601901
600089
600795
601009
002459
603369
600941
601669
600958
601699
601336
600426
601360
601788
603986
600905
002049
600674
000661
600023
000768
601939
001965
603198
600745
603392
600372
000938
600196
600570
600588
600115
601727
601018
603799
000301
601618
600926
600584
600741
603019
002241
601916
600938
603260
601377
600600
601021
002648
000977
600039
600489
600161
002001
002252
600010
601872
600256
603833
002938
002460
601877
002600
600221
000999
600026
000425
603659
600522
002821
000157
000876
600803
600233
600176
603806
002271
000807
600061
000983
600160
601838
600236
601808
002812
000800
601865
600027
600332
600415
601799
002032
601117
601878
603605
600418
600183
600895
000932
601555
000408
002463
002236
600985
002602
603939
601108
000786
002945
600377
600482
002916
600079
002180
601995
600362
600546
601236
002294
002007
600515
603899
600702
601077
603000
600606
002555
002603
601058
000933
000066
000975
600132
002156
002709
601607
600460
600219
002064
000733
002422
603596
603345
601216
000987
002456
603160
002078
601298
600398
601231
600350
002223
600118
600177
002410
603688
000630
601233
000423
600157
605499
603290
603816
600298
600487
601615
000783
603885
601991
600862
600765
601155
601958
002430
601868
603882
600348
000728
603728
600060
601168
000988
600109
002152
002028
002128
600885
603786
601696
603568
000009
601966
002465
600536
600754
600968
600875
002202
000629
603589
603737
600998
601990
603233
600705
002340
000027
000723
002939
002185
002074
600066
600918
600642
601880
600733
603087
600352
600566
002080
601456
601577
600779
603156
603606
601198
601933
601158
603658
600517
601162
600699
603893
600153
600583
600873
600096
001872
000831
002673
000738
600637
600518
600732
600839
000883
600848
600763
002739
002429
002414
601825
002601
600663
600486
002625
600004
002384
000021
600369
601666
600378
600129
600497
601928
600872
601567
603826
600871
601099
000069
002608
603179
000703
603486
000050
002025
600655
000729
600383
002797
600863
002120
603613
603338
600549
002044
600867
002444
002558
600100
603456
600704
002385
601598
002738
000799
002532
600884
002405
601179
600516
000818
002436
002966
002624
603707
600021
600909
600977
603868
600282
002517
000960
600038
002299
600380
600521
000709
600535
601858
002531
002244
002262
600170
600095
600598
002372
600988
002607
000825
605358
000959
600563
600390
603712
000893
601001
002008
000958
002508
000683
002203
002841
000998
600707
000878
600688
601636
603979
600483
600582
002056
600879
000519
600141
600498
000785
600675
601399
600299
600271
603298
000564
002926
601000
600155
002281
600007
000898
603077
601965
000921
603650
000513
002472
603730
002268
601098
600933
600901
600166
601228
002353
600208
600559
002138
000591
600399
603305
601611
601106
601212
002500
603517
603858
000750
000400
600578
002409
600008
603185
600612
600143
600673
002015
600499
000937
000739
600685
601139
002389
603565
600126
600859
000623
603927
002261
600098
601866
600329
600739
002439
603228
601019
002557
002368
002065
601118
000997
603444
600062
000537
603379
000951
002240
002568
600131
601016
603225
000559
002461
002318
600258
002145
601997
600373
601128
600737
600801
600392
002195
002507
600295
000860
600056
600339
002273
002266
002176
000034
601717
603883
600562
600435
002906
000039
600529
002153
600816
000887
000516
002432
600956
603505
000686
600820
002092
600633
601992
603127
603985
002756
000766
600325
000553
000060
000403
600481
600528
603477
002865
002373
603033
601702
600416
600959
601608
600777
600970
000598
603027
600808
002867
600456
002221
600667
600511
600312
600764
002595
603997
002506
600827
002229
601949
002423
002737
600363
600641
002487
600422
000636
000563
603005
002399
000155
600316
600315
000567
601828
000967
600246
000778
002387
002747
603317
601519
600580
002670
600388
002408
601333
600022
600297
000543
000158
601801
002024
000980
603129
000830
603283
600185
002407
002544
600500
600225
000028
002518
000761
600967
601952
603599
603220
600116
002030
002041
600771
002643
600850
600123
603056
000810
002850
000547
600057
001914
002683
002497
600877
000712
601975
002155
600572
600602
002925
600323
000627
600199
603888
002901
600755
002847
601326
002126
000089
002936
600711
603236
603638
002151
605589
600266
002511
603025
600548
002287
002222
603515
601969
601900
002131
600006
002705
601369
000902
000426
002468
000031
002484
600621
002317
601918
601375
002192
000581
600452
000035
601222
000539
600167
600595
603866
603919
600821
600740
000032
603355
600395
601882
002675
603039
002831
002958
603279
002320
600072
601677
600601
002010
000970
002019
600780
002837
600211
603267
000877
002254
002498
600597
600750
603197
601718
600623
601778