600519
601398
601288
601857
601988
601628
600036
000858
600900
601088
600028
601318
000333
002415
600276
601166
000568
601138
601658
600809
601816
601899
600309
600030
002594
601328
002475
603259
603288
601668
002352
600000
601225
000001
601998
000651
601319
002304
600406
601888
600104
600887
601633
601601
601012
000625
600436
600025
002142
000725
002714
600690
600019
600016
600050
601818
601985
603501
601919
601766
002371
600150
600048
600919
601995
003816
600018
600760
601390
600031
601127
601006
601211
000002
600438
600989
601688
000596
002050
600999
000063
000166
002493
601728
600346
601066
002230
601169
600893
603993
600188
600585
002027
601800
000895
000538
601111
601186
601989
601881
002736
600837
000792
600886
603195
601898
000776
600011
600547
601229
002179
001979
601689
600029
601698
000100
600660
601100
600015
000338
002466
600845
000963
601901
600085
601600
600111
002311
601238
000617
000708
600795
002920
600089
600703
600941
600009
601009
002129
601699
603369
002459
600958
601669
601336
000661
601788
600674
600426
601360
600905
603986
002049
603392
600023
601939
001965
000768
600745
603198
600196
600372
000938
601018
600570
600588
600115
600938
601727
601618
000301
600584
601916
002241
603019
600741
603799
600161
002252
600926
002648
603260
600489
601377
002001
600600
000977
600039
601021
601872
002938
600010
600256
000999
600221
603833
002821
601877
002460
600026
002600
603659
000157
600803
600233
000983
600236
000800
600061
000425
600522
002812
000807
600176
601808
600415
600027
601838
601865
603806
600160
000876
600332
002032
002271
601878
600079
601799
603605
600985
600183
601117
002463
002602
600377
601555
002007
600482
000932
603939
002236
000408
601108
600418
000786
600515
603000
002294
000975
002945
002916
601236
600546
600362
603899
002555
601077
002180
000066
600895
000933
002156
002603
601607
600606
600460
600132
002422
002064
600219
002078
000733
002709
601298
603345
000423
600702
603596
603160
601058
600350
002456
601216
600398
600348
002223
601231
603290
000630
600298
000987
600157
600177
600118
600765
002410
605499
601233
603658
002128
000783
600754
601991
603728
603688
002152
600109
600487
601168
601958
603882
601868
600862
000728
603816
000988
601615
600885
601696
002430
600060
603568
603885
600968
000009
601990
603786
002028
603233
600998
000629
002465
600066
600566
600733
002202
600642
000027
600875
002939
600705
601966
600536
600918
601155
000723
600583
603087
002185
601880
600129
002340
603156
600779
002074
603737
603606
601456
601198
600352
601158
600873
603589
600637
002080
001872
601933
601162
600517
000831
603893
601577
600096
002673
601567
600153
601666
000883
000738
002739
600378
600839
600699
600663
601825
600518
000021
600848
600763
600369
002414
600004
603826
600486
601099
002429
002384
600732
600497
000050
601928
002601
600871
002608
002797
603707
600872
601598
600655
000703
600863
603456
002444
002625
603613
603179
000729
000069
603338
002558
600549
600100
002120
002044
603486
002385
603712
600867
002607
600704
600380
002738
002624
603868
601179
002025
600884
002436
000818
600516
600977
600988
002532
600535
600383
002966
600282
600909
600021
000799
601858
600521
002405
000960
002262
600095
000709
600598
000564
002517
002299
600170
601001
002531
000825
000893
000959
000998
600038
601965
000958
600390
002281
600582
605358
601000
600483
002841
002056
002372
000785
002008
600688
000878
002203
000513
600879
600299
603979
600707
002508
601636
000683
601399
600563
600141
002926
000400
600901
600271
603077
600007
603298
000519
600559
600498
000898
002015
603650
000937
600612
601228
002244
600933
002353
600329
600155
002472
601611
002500
603730
000591
600578
600675
600166
603858
002138
601106
600062
600008
000750
600673
601212
600208
601098
603565
603517
000921
000739
600399
600143
601139
601866
600739
002268
600499
600685
002409
600258
601019
002557
000623
600859
600098
603228
603305
603185
603444
000537
002389
002065
601118
002439
603379
002261
603927
000403
002240
603225
002507
600131
600737
002318
600126
002368
000997
002195
601016
601997
600373
002145
000951
002568
600056
002461
601717
600392
000860
601128
000039
600295
000559
002266
600801
002176
600339
603883
000034
600529
002273
000516
600562
603985
002153
000686
000887
600956
002756
000766
600435
600820
002432
600816
601702
601992
600528
600511
603505
603477
000553
603127
603027
002092
600777
000598
000060
002906
002867
600416
601608
600959
002373
002865
002737
600641
002229
600827
600970
603033
600667
600808
600312
600422
600633
600764
600481
600580
601949
002221
002399
603317
603997
002506
000636
002487
002423
600325
600456
002595
000563
600315
000967
600363
600246
601828
002387
600771
002408
603005
601519
000543
002670
000778
600022
000155
600316
000567
600297
000158
601333
002747
600388
603599
002030
601801
000028
600123
002544
601952
600185
000830
600967
002024
000980
600225
002643
600116
000761
600057
600572
002407
002041
600500
603283
002518
603025
000547
002901
002019
002155
605589
603056
000810
001914
600850
600323
002847
603129
601326
000089
002511
002850
600755
002683
600750
601918
600199
600548
002936
002925
600711
000712
002126
002131
600877
603236
601975
000627
002151
002831
600395
601969
600335
601369
603888
600602
603638
603515
603220
601375
002675
600167
000902
603108
002484
600452
002705
600740
000035
002468
600971
002497
600595
603866
600072
601900
002320
603039
600780
000426
000581
002837
601222
600006
600821
603919
002192
002773
601882
002317
000539
000503
002832
600621
603355
002958
000829
000970
002498
601677
603556
600211
603279
603267
002010
600597
000031
002222
601827
002287