600519
601398
601288
601857
601988
601628
600036
600900
000858
601088
600028
601318
000333
002415
601138
601166
601658
600276
600809
000568
601899
601816
600309
600030
002475
601328
002594
002352
601668
600000
603288
601225
603259
000651
601998
000001
601319
600406
002304
600887
601601
601633
600104
600025
601012
601888
002714
000625
600436
601985
000725
601127
600016
600050
601818
600150
603501
600019
002142
600690
601919
601766
003816
002371
600048
600919
600018
601995
601211
600760
601006
601390
002050
600031
600989
000063
002230
601688
600999
600438
601728
000002
000166
002493
601169
601066
000596
600346
600188
600893
601881
601989
002027
600886
000895
601800
601898
600585
601186
000776
000538
603195
600011
600837
600845
601689
603993
000792
601111
601229
002736
600547
002466
600795
002179
600015
600660
601901
603392
600029
001979
601698
600941
000100
600085
000963
002311
002920
000338
601100
000617
601699
600703
601600
000708
601009
600674
600089
600111
601360
601238
600958
600023
601336
603986
600009
601669
601939
001965
002459
600588
601788
600905
002129
000768
603019
601018
002241
000938
603369
000661
600426
600938
600372
002049
600570
002252
601916
600745
601618
603198
600584
002001
600115
600196
601727
600926
600741
000977
601377
600161
603799
002648
603260
601021
600600
000301
600039
002938
002460
000999
601872
600489
002600
600256
000983
600803
600221
600236
000157
600010
600160
601877
600027
600061
600026
600183
002032
002812
601878
601808
601838
002463
600415
000876
000425
600233
000800
603833
600985
603806
600332
600522
600079
600377
603659
601865
002271
002821
600176
002602
601799
000807
000408
600482
603605
002555
601555
601108
000786
601117
600418
002945
002236
603939
601077
601236
000975
600546
000932
002916
002294
002007
603000
600362
601058
002422
600350
002156
000933
601298
603899
600515
000066
002078
002064
601233
603658
600398
600219
002603
600606
603160
601231
601607
600460
002180
600348
600536
601216
000423
002223
002152
600298
600642
000988
000987
002128
000630
000783
600177
600895
600109
600157
601168
000728
600132
002709
000733
002028
600118
601991
000009
601868
601990
603728
601696
603882
603596
601958
600066
001872
600702
600566
000027
603786
603345
605499
600862
603290
603606
603816
600968
600637
600487
002939
603568
603233
002430
002739
601456
600765
603087
603826
601880
600998
600705
600060
600352
002456
601598
600873
601158
002558
601198
600779
000723
601567
600918
600153
000629
601162
600733
000883
603885
002410
600875
002444
600517
603893
002465
002185
601666
601615
002673
600754
600885
600378
002340
002074
601155
601577
601933
601966
601099
603688
002608
600663
601928
601825
603589
600129
600535
002202
002080
600518
600369
600583
000831
603156
000021
603707
002738
002429
600848
600863
603737
600871
600839
600699
600497
600096
002797
002625
603338
000738
002624
600655
002384
000703
000050
002601
603613
603868
601179
002414
600977
002262
600732
600486
603179
002517
600763
600004
600704
600549
600100
600380
600988
002044
601858
003022
000729
600282
002966
600909
601001
002436
603712
603456
600582
000893
600095
000960
600516
600021
600612
000069
600038
000709
002405
002120
601000
603486
000564
600170
000958
603979
002281
601019
600707
002532
600867
600884
600155
000799
601965
002841
600598
600521
000818
000825
601228
600901
600483
600390
000959
002372
601098
002203
000400
600299
002607
600872
600688
002176
603298
000878
600675
002926
002299
000937
000766
600673
002025
000513
603077
601139
600271
600685
002531
600879
600383
601399
002508
002056
603225
000785
601866
002244
002008
603379
600578
600373
000997
601611
600498
002138
601106
002385
002439
000898
600007
002500
600559
000750
603444
600008
600143
002015
603650
002368
600329
600499
002472
601212
600141
002268
600933
000519
600062
000591
000998
000683
600208
600563
603858
002318
600295
603730
600098
603228
002065
002240
600739
000921
600166
600777
002353
603927
601717
600131
605358
601997
603477
000403
002195
600399
601636
000039
600126
601118
600258
002261
002557
603565
002389
600859
000623
603305
601016
002409
000739
000537
002756
600737
000559
002461
600956
600820
603185
600959
601128
601949
002273
002432
002145
600801
000034
600435
600339
000598
600529
600416
000155
600056
002568
603517
600392
002266
000686
002867
601777
603883
002507
600562
600312
002906
600633
601702
601608
002153
000636
600528
601992
600764
000887
002373
000553
603033
600808
000060
000951
000810
600970
002092
601801
600641
600511
000563
000516
002865
000927
600816
000860
603505
002423
603997
000967
600827
002737
603888
600325
002399
600667
601519
002506
600422
000543
600580
603027
601900
002595
600123
000032
002670
002487
002221
000567
002387
603025
600022
002229
002157
603127
002643
600481
601333
600316
600057
000778
601828
600072
600452
000830
600456
002408
600363
000761
603317
605589
600116
600771
600315
603005
601952
600297
002131
002747
600185
600755
000158
600850
000762
601326
603556
002544
600967
002030
002925
002518
603283
600395
002675
603236
600246
002407
600225
601918
002126
603056
002024
000547
002936
000980
000935
600323
000089
000028
600750
600500
002192
603638
600971
600602
601375
600621
603599
603129
001914
002831
002320
600572
600548
002901
600388
002511
002019
601975
601969
601369
600740
000426
000156
600335
600167
002155
000712
000627
002498
600012
002683
600595
600711
603108
002332
600877
002958
603515
002151
002497
601718
603039
002773
000539
601827
002832
600211
002850
000902
600120
002238
600728
002484
600997
601595
002091
600273
601882
603355
000930
002010
601222
000970
002698
000581
600864
600821
000031
002222