600519
601398
601288
601857
601988
601628
600036
000858
600900
601088
600028
601318
000333
002415
601138
601166
600276
601658
600809
000568
601816
600309
600030
601899
002594
601328
002475
603288
002352
601668
603259
600000
601225
000651
000001
601998
601319
600406
002304
600887
600104
601633
601888
601601
601012
000625
600025
600436
002714
000725
002142
601985
600016
600050
600019
601818
600690
603501
601919
601766
600150
600048
003816
600919
002371
601127
601995
600018
600760
601390
601006
601211
600031
002050
000063
002230
600438
600999
000002
600989
601688
000166
601728
000596
002493
601169
600346
600893
601066
600188
002027
000895
000538
601898
601800
600886
601881
600585
600011
601186
601111
000792
601989
603993
600837
000776
603195
600845
002736
601689
601229
600547
002466
601698
600029
002179
600015
600660
001979
600795
601901
000100
002920
601100
600085
600111
000338
002311
000617
600941
000963
000708
600703
600089
601360
601600
601238
601699
601009
600009
600958
600674
601669
600023
601336
603369
002459
002129
601788
001965
603986
600588
603392
600905
601939
000938
600426
000661
000768
603019
600372
601018
002049
600570
600196
002252
002241
600938
600745
600115
601618
601916
603198
601727
600584
603799
000977
600926
600741
603260
002648
601377
002001
600161
000301
601021
600600
600039
002460
600489
002938
000999
600010
601872
600256
600221
002600
601877
000983
600803
000157
600061
601878
600236
600160
600027
600415
600522
000876
603659
600026
601808
000800
002032
000425
600233
002463
601838
601865
603806
002812
603833
603605
600332
600079
600985
600176
600183
002602
002821
000807
600377
601799
600418
002555
002236
601555
601117
000408
002271
601108
600482
000932
601236
002007
603939
002945
601077
002294
603000
600546
600515
000786
002916
000975
002156
000066
600362
601058
603899
601298
002422
000933
002603
002180
601607
600350
600606
601233
002064
000988
603658
002078
002152
600460
601231
600219
600398
000423
600132
600536
002709
600348
600895
000630
603160
002223
601216
000987
603596
603882
000783
601991
002128
000733
600157
600298
600177
603345
600118
600109
600862
002456
600702
601168
000009
000728
601958
002410
601868
603290
601696
600642
603786
002028
002430
601990
600765
600487
605499
603728
600998
603606
600885
002558
002074
000027
600066
001872
603816
002939
603568
600705
603233
603688
601615
603087
600566
600060
600968
000629
600637
603885
600918
600733
603893
600779
601198
600875
002465
000723
601456
002340
600352
600754
002202
601880
603826
002185
600873
601162
601158
601966
600378
600153
600517
000883
002673
601666
601577
000831
601155
600129
603589
601567
002080
601598
600096
601933
000021
600369
600583
002625
600486
601928
600663
002738
002739
600839
603156
601825
603707
600699
002429
600518
601099
600848
600497
603737
600863
000738
002608
002797
600871
600732
002414
002601
002624
002384
002444
603179
600655
603613
000703
600977
600535
000050
600763
601858
600100
002517
600004
002436
600549
603338
003022
002281
000729
002262
002044
603868
600867
600380
002120
600988
600704
002405
603712
000766
603456
601179
002966
600282
600516
000069
603486
600909
600872
600884
000960
600021
601001
002532
600095
601965
600521
002607
000709
600038
000893
000564
600582
002385
000799
000958
600170
002025
000818
000959
600707
000825
601000
002531
002841
600483
002299
601019
600383
600390
600598
600901
600155
600299
601098
600612
600879
600271
603979
002372
000878
002203
002056
000400
002926
002015
601228
603650
600688
600498
002508
603077
002008
600563
000683
600675
601399
601139
002268
000785
002244
000937
603298
603444
600007
601866
600141
600673
002439
000513
000898
600373
000519
600578
600559
600143
002138
600329
002500
000591
601106
002472
000998
600933
000997
000750
601611
603225
600008
600499
002368
601212
002176
600062
603379
605358
600685
600295
603858
600208
600131
603730
002065
600777
600399
600166
603228
600098
600739
002261
002240
002409
603477
002389
603927
000921
002318
600435
601636
002353
000403
603305
601717
600258
002195
603565
601997
002756
601016
000623
603185
601118
000039
000739
600859
000537
002557
600956
600392
600126
603517
000559
002461
600737
601949
601128
002145
000034
002507
603033
002153
002273
600339
002266
600416
600056
600959
600801
600562
002568
600529
601777
600633
000686
603883
600820
000951
601801
002373
600816
601608
000860
002432
000636
000516
600764
002867
600528
000887
000553
000598
601702
600970
002906
601992
600312
002221
002092
600422
000155
600641
000060
603505
600808
002865
600511
002229
000563
601519
600827
002399
600667
600456
002423
000967
000927
600481
002506
002737
603027
600580
603888
000543
603997
002487
002595
002670
600325
002387
000567
603317
600315
600022
600057
603127
600316
603005
601333
601900
601828
600363
600246
600123
002408
002544
600297
000778
002643
600185
600388
000761
000032
000830
600116
002747
601952
000762
600771
000810
000158
600850
603108
002407
002131
600967
600755
603025
600225
603599
603283
000980
605589
600395
600500
000547
600602
002024
002030
601326
002925
600335
002901
603236
000028
603638
600971
002019
600750
002936
002518
600323
603056
601918
000089
002192
600572
002157
002511
601375
002831
001914
002683
002126
600452
002497
600711
000712
601369
603039
600740
601969
600167
002675
002155
002773
603129
000426
601975
000627
002850
000539
600821
002151
002320
600548
000902
600621
600199
002332
603556
002484
601882
603355
600595
002498
600012
600877
600728
601718
000156
002958
603515
002222
000935
002832
601222
000581
000503
600072
600601
002254
601595
601778
600120
000970
002041
002837
603919
603866
002468
603279