600519
601398
601288
601857
601988
601628
600036
600900
000858
601088
600028
601318
000333
002415
601166
601138
601658
600276
600809
000568
601816
600030
600309
601899
601328
002594
002475
603288
002352
601668
600000
603259
601225
000651
000001
601998
601319
002304
600406
600887
601633
600104
601601
601888
601012
600025
000625
600436
002714
000725
002142
601985
600050
600016
601818
600019
600690
603501
601919
600150
601766
600048
601127
003816
600919
002371
600018
601995
600760
601390
601006
601211
600031
600989
000002
002050
000063
002230
600438
600999
601688
000166
601728
000596
002493
601169
600893
600346
601066
002027
600188
601800
000895
601898
600886
000538
601989
601881
600585
601186
601111
600011
000792
600837
603993
603195
000776
600845
601229
002736
601689
600547
002466
600029
601698
001979
002179
600660
600795
600015
601901
002920
000100
600085
002311
000338
600111
601100
000617
600941
000963
600703
000708
601600
600089
601360
601238
601699
601009
600674
600009
600958
601669
601336
603369
600023
002459
601788
002129
603986
601939
600588
600905
001965
000768
600426
603019
000938
603392
000661
600372
601018
002049
600570
002241
600938
002252
603198
600196
601618
600115
600745
601916
601727
603799
600584
000977
600926
002648
600741
600161
002001
601377
603260
600600
601021
600039
000301
600489
002460
002938
600010
000999
601872
600221
000983
600256
002600
601877
600160
600803
000157
600236
600027
600061
601878
600522
000876
600415
000800
603659
601808
000425
002032
002463
600233
603833
600026
601838
002812
603806
600332
600176
601865
603605
600985
600183
600079
601799
600377
002821
000807
600418
002271
601555
600482
002555
601117
002236
002602
601108
000408
002945
000786
603000
000932
601236
603939
600546
601077
002916
002007
002294
600515
000066
000975
600362
002156
601058
603899
000933
601298
002603
002422
600606
600350
601607
601233
002064
002078
600219
600460
002152
002180
600398
601231
000988
603658
600895
002709
600536
600348
601216
000423
603160
600132
002223
000733
000987
000630
603596
600298
000783
002456
600118
601991
600177
603345
601990
600862
600702
600157
002128
600109
601168
000728
600642
000009
603882
601868
601958
002028
601696
600066
600765
600998
600487
603087
002410
605499
603290
000027
002430
603568
603816
603606
002939
603786
001872
600885
600705
002074
600754
603233
603728
600566
600637
601615
600733
600060
603885
600968
000629
002558
600779
000723
603688
600918
601598
600153
600875
601456
002340
600352
601198
603893
601880
002465
002185
603826
600873
601158
601966
601162
002202
600378
601155
600517
000883
603589
601577
002673
000831
601666
601933
002080
600096
600129
000021
601567
600583
600663
601928
600369
601825
603156
600486
002738
002739
603707
600518
002429
600839
600699
600848
603737
002625
600871
601099
002601
002608
600535
600863
000738
600497
002797
002624
002414
002384
002444
600655
600732
000703
600763
000050
603613
601858
603179
600977
600100
600004
603338
002517
600549
000729
002436
600704
002262
003022
600988
002044
002281
603712
000069
600380
600867
002120
601179
002405
600909
603456
603868
002966
601965
601001
600038
603486
600516
600021
000960
600282
600884
000893
600872
600582
000564
600095
002607
002532
000709
000799
600170
000818
002025
600521
002385
000958
600707
002841
600383
601000
600483
000825
000959
600598
002299
600390
002531
002372
600612
600901
600299
601019
603979
600271
600675
002203
600688
601228
000878
002244
002926
002056
600879
600155
600498
000766
601139
603077
000683
000937
000400
002008
601098
002508
603225
601399
000785
002268
002015
603650
600578
600559
603444
000997
600007
000513
603379
601611
600673
002439
000898
600141
000519
601866
600685
601106
603298
002500
600563
000591
600329
000750
000998
002138
600008
600933
002368
600143
601212
600208
600373
002176
002472
600295
600062
600499
605358
603858
600166
603730
603228
002065
600131
600098
600777
002240
600739
000403
002389
600399
002261
000921
601636
603477
600258
600435
002318
603927
601717
002409
002353
603305
603565
002195
601997
600859
002756
000739
601016
000623
002557
601118
000039
600126
603185
000537
600956
002461
000034
601128
600737
000559
600392
603517
002145
600416
002568
600339
002507
601949
002153
002266
600801
600529
600056
600959
601777
002432
002273
600562
600633
600820
000686
600764
603033
002373
603883
002867
601608
601702
000951
000860
000887
600528
000598
000553
600970
000636
601992
002221
002906
000155
002229
002092
000516
600312
000060
601801
600816
600808
600511
603505
600641
000563
600827
601519
600325
600667
002423
603888
603027
600422
600580
002506
000927
002737
002399
000967
002865
600481
600456
000543
603997
002595
002670
000567
002487
600316
601828
601333
600057
600022
002387
601900
600315
603317
603005
600123
600297
002408
603127
000158
600246
000830
000778
600771
002643
600388
000761
600363
600185
002544
600116
600850
000810
601952
000032
002747
603025
603108
600967
605589
000762
600755
002131
002157
002407
603599
002925
600225
000980
000547
600500
603283
601326
600971
002024
600572
600072
600602
600395
603236
603056
600750
002936
000028
000089
600323
002518
001914
601918
002192
600452
600335
002511
002831
002030
601375
002126
002019
603638
600711
600740
002497
002155
002683
600548
600012
600621
601369
000627
000712
601969
000539
002901
600167
002773
603129
002850
000426
603039
002151
002320
600199
601975
002675
000902
600821
002498
600877
603556
002958
000156
601718
002332
600728
002484
603515
002832
603355
000935
002222
600595
000503
600133
600120
000031
000581
601827
601222
603866
601882
603919
600601
600997
002254
000970
601778
002837