600519
601398
601288
601857
601988
601628
600036
000858
600900
601088
600028
601318
000333
002415
601166
601658
601138
600276
000568
600809
600309
601816
601899
600030
002594
601328
002475
603288
002352
601668
600000
603259
601225
000001
601998
000651
601319
600406
002304
600104
600887
601888
601633
601601
601012
000625
600436
600025
002714
000725
002142
600050
600016
600019
601818
600690
601985
603501
601919
601766
600150
002371
600919
003816
600048
601995
600760
600018
601390
601127
600031
601211
601006
000002
600438
601688
002050
600989
600999
000166
000063
601728
002230
002493
000596
600893
601066
601169
600346
600188
601800
600585
000895
002027
601186
601989
000538
601111
603993
601898
601881
600886
000792
002736
600837
600547
000776
603195
600011
601229
002179
601689
600845
601698
600029
001979
600015
600660
000100
601100
002466
600111
002311
600085
601901
601238
000617
600795
000963
000338
000708
601600
600089
600941
002920
600009
600703
601699
601009
600958
601669
002129
603369
601360
601336
600674
002459
601788
600023
603986
600905
000661
001965
601939
000768
600426
002049
603392
000938
600588
600372
601018
600196
600570
603019
603198
600938
601618
600745
601727
600115
601916
000301
002252
600584
600741
002241
603799
600926
000977
603260
601377
002648
600161
600039
600489
002001
600600
601021
600256
601872
600010
002938
000999
600221
601877
002460
002600
603833
000157
600026
000983
600522
600061
000425
600236
603659
600233
601808
000800
600027
600415
600160
600803
002032
002812
600176
601838
601865
600332
000876
603806
000807
601799
601878
002821
002271
601117
600985
600079
600183
002463
002602
600482
600377
603605
601555
600418
603939
002555
600515
002236
603000
000932
000408
002007
601108
000786
000975
600546
002916
002945
601236
603899
601077
600362
002294
000066
002180
600895
002156
601607
000933
002603
600460
600219
601298
600606
000733
601058
600132
002064
002422
600350
601216
000423
600702
002456
002078
600348
600398
603596
603160
000630
002709
000987
601231
600118
600765
002223
600157
600298
600177
600487
002152
603345
603290
002128
000783
603688
600862
002410
601991
000988
601168
603658
601233
601958
600754
601868
605499
600109
000728
600536
603728
600885
601696
603882
601990
603816
600060
000009
600968
002430
603568
002028
603233
600066
600705
000629
603087
600642
601615
600566
000027
603786
603606
600998
002465
002939
600918
600875
603885
600733
002202
001872
002185
000723
600637
601966
601880
002340
601198
600352
002074
600583
601158
600096
600517
603589
601162
002080
601456
601577
603737
600129
601155
603156
601933
600779
600873
603893
000831
600153
002673
000883
000738
000021
601666
002739
600839
600378
603826
601598
601567
600699
600663
600369
601825
600518
002414
600497
600848
601928
002429
601099
002608
002558
600004
600486
600863
600871
000050
002444
002601
002797
002384
600655
603707
600763
603613
600872
000703
002624
002738
002625
603179
600732
600988
603338
600549
600100
000729
600977
600884
601179
603712
601858
603486
000069
600704
002044
002607
002281
002120
600867
601001
002025
002405
002517
002436
600380
000818
600516
600282
600909
002532
000893
600383
600021
600535
000960
000799
002966
603456
600095
002385
000709
603868
002262
600521
600170
600598
601965
600038
000959
600483
000825
000958
002299
601000
002531
600390
002841
002015
600582
600612
000564
605358
000878
603979
600688
000683
002056
600879
600901
002372
600498
002203
600271
002008
002508
600299
601399
601228
600707
002926
603077
000400
002244
000898
000519
000513
600563
601636
600141
603298
000785
000937
600007
600155
002268
600673
600933
601106
600559
601611
603650
601098
601212
002500
600329
600675
600399
000750
600578
600166
600008
000998
002176
000591
002472
002138
603730
600208
600499
600685
600062
002353
601866
000921
603858
601019
002368
002439
601139
600143
600739
603565
600258
603379
600098
002065
600131
000766
000997
002389
603444
002557
002409
603927
000739
002261
000623
603305
603517
002240
600859
603228
601777
600373
601118
000537
600126
002507
002195
002318
601997
600737
000403
601016
603185
603033
000559
600295
600435
600339
600392
000034
603225
002145
601717
000951
002461
600056
601128
000039
000860
002266
603477
600562
600801
002568
603883
002229
002153
002273
002756
600956
600633
600529
000686
000516
600820
000887
002867
600777
600528
601992
601702
002432
601608
601949
600816
600511
600959
000553
600808
600764
002373
000060
600416
600641
000598
002092
002865
600422
600970
002906
603505
600827
603027
600312
600667
000927
600481
002221
002487
600456
000563
002506
002423
603997
002737
000636
600580
002595
002399
600325
601519
601828
600246
600315
603127
000967
600022
000778
601333
603317
002670
002408
600363
600316
000158
601801
603005
000155
600771
000567
002544
000543
600297
600388
603985
600116
002387
600225
002747
600967
600123
600185
002643
000761
000980
000830
002030
601952
603599
603025
002024
600057
600500
000810
600850
002518
000547
002407
000032
002155
603283
000028
601326
605589
603888
002131
600335
600602
600395
603108
000089
002019
601918
601900
600711
603056
600572
600755
001914
600323
002901
600199
002936
601975
600548
600750
600877
002126
002511
002683
000627
603638
603236
600072
601969
002151
002847
002925
002850
600740
601375
603515
600595
601369
002320
002831
002192
600167
000712
603129
000426
600971
000902
000762
603355
002468
000581
600821
600006
002705
002484
002497
600452
603039
000539
002832
603267
002837
601222
002958
601882
603220
002498
000035
002675
002254
600621
600012
000503
603866
002010
002773
002222
000970
600120
603556
601677
601718
600597
600601
000877