600519
601398
601288
601857
601988
601628
600036
000858
600900
600028
601088
601318
000333
002415
000568
601166
601138
601658
600276
600809
002594
600309
600030
601899
601816
601328
603259
002475
603288
601668
600000
002352
000001
601319
601998
000651
601888
601225
002304
600406
601012
600887
601633
600104
601601
002142
600436
600025
000725
600690
002714
600050
600016
600019
601818
000625
601985
600048
601766
603501
002371
601919
600919
600031
600438
600760
601127
601390
600150
000002
601688
600018
003816
601211
601006
000596
000063
600999
600989
002493
002050
002230
000166
601728
601066
600893
002027
600346
601169
600585
603993
601800
601111
002736
601186
000538
000895
600188
600837
601881
601989
000776
000792
600886
603195
001979
601229
600011
002179
600547
601898
601901
600029
601698
601689
002466
002311
601100
000617
600660
600111
601600
000338
002129
600845
000100
002459
600015
002920
601238
000963
600009
600703
000708
601009
600085
600089
600795
600941
603369
601336
600958
601360
601669
601788
002049
603986
600905
600426
600674
000768
000661
601939
603392
600023
603198
600570
600372
601699
600588
600196
000938
001965
600745
603799
600115
603019
601618
603260
601727
000301
600926
600584
601018
002241
600600
000977
601377
600741
601916
600938
002648
601021
600039
002460
002001
600161
600010
600489
002252
002938
603833
601877
600221
601872
600256
600026
603659
600522
603806
000999
002821
000425
000876
002812
600233
600803
600176
601838
601865
600061
000157
000807
002600
002271
600236
601808
600415
600027
000800
600332
601878
600160
601117
000983
600183
603605
002032
601799
601555
002602
002236
002463
601995
002180
000786
000932
600482
600418
002916
600377
601108
002945
603899
002555
603939
601236
600362
600079
603000
600985
002007
600606
002709
603160
600132
000408
600702
002294
000733
601077
000066
000975
600515
000933
601058
600460
601607
002064
600219
600895
002156
603345
600546
601216
002456
002422
000987
603596
603688
002078
600765
601298
600118
600350
601231
600487
600862
000630
000783
002603
601615
600177
002152
603882
600398
601958
601233
600298
605499
601991
600109
000423
601868
000988
603816
601696
603885
000728
002202
600157
603786
002223
600060
600705
600885
601168
600536
000629
603568
600754
603290
600968
000009
603728
600875
002430
601966
601990
002465
002340
000027
002939
603233
002028
600348
600779
601155
002074
002185
600918
600998
603156
603589
000723
002128
002080
603737
603893
600352
601162
600732
600096
600066
601880
600642
601577
603658
603606
601933
600763
601456
000831
002673
603087
600583
601198
000738
600566
600637
600839
002410
001872
600153
600873
601158
601928
000883
000021
002739
002414
601825
600848
600369
601099
600699
600872
603613
600486
601567
600497
002429
600378
000069
600663
002625
002601
603826
002384
600004
600518
002797
603486
600871
002608
000818
600517
000703
603338
002120
600655
600383
002558
603456
000050
600129
600733
600100
600549
000799
002025
601666
603179
002738
600867
002624
600884
600863
000564
002044
600704
002405
601858
002531
002444
002517
600977
603712
002532
601598
600516
601179
600021
002385
600909
002056
600380
000893
000960
600282
002436
002966
600095
600521
603868
600535
600170
600390
000709
600988
603707
002299
000729
600038
002372
600598
000958
605358
600879
002607
000959
002262
000825
600498
002508
600688
000519
002244
002841
600707
000878
601098
600141
601399
600483
002926
600271
600559
000785
002008
000683
603979
603185
600675
002281
600299
000998
600007
603650
000898
603077
000513
000921
600208
002500
603517
002203
002472
000591
601000
601611
603298
600901
601228
600673
601001
600563
000750
600155
002268
601106
002138
002409
600578
600499
603730
600143
601965
002195
600008
600166
601212
600859
002353
600933
603858
000537
601636
603927
600612
002261
603444
600667
000400
600582
601019
603305
002389
600685
002557
603565
601139
000739
600126
002015
000623
600739
600098
002065
000937
600399
600329
002439
601866
002368
002240
601118
002568
002176
002145
603228
601016
600131
600392
000997
600062
600373
600258
000951
601997
601128
002507
603225
600339
002461
600737
000034
002318
603379
600801
002266
600056
000860
002865
600295
000559
600562
002153
600816
002756
601949
600435
601717
000686
000516
002273
000039
600633
600529
600820
603033
600528
603505
600481
600325
002092
603985
601992
600956
000060
000403
601702
603477
603883
600970
600959
603027
600416
600777
000553
603997
603005
603127
000887
600456
600827
002432
601608
000598
600764
002423
000155
600422
002229
002373
002506
600808
600511
002867
600641
002487
002595
600312
000563
600315
601519
000567
002670
002221
600580
000636
002399
601828
002737
600388
002747
002518
603317
600316
000967
601900
000980
000778
603129
600297
600363
002544
002408
002030
601801
002906
601333
603220
600022
000830
600500
600225
002387
002407
002024
000547
600967
002497
600116
600185
000766
002643
600199
002683
000158
000810
603599
601952
600771
001914
600850
000761
002238
600246
002131
603888
603025
000028
000543
603056
000627
002183
600323
603638
600602
002511
600057
002850
000712
601326
601975
600711
002925
600755
603355
002936
000089
600123
603283
603236
002155
002847
002151
605589
603515
601369
600266
600548
000031
002019
002192
002484
603039
002705
601375
600572
601969
600452
000035
002675
603866
601222
000829
603267
002468
000902
603919
000539
000032
000503
601882
600996
002126
600167
000581
002317
600877
603279
600750
603218
002010
002041
000426
603108
600595
603178
002831
002958
600072
600621
002761
600601
600211
600395
002254
601918
002773
600740
000877
000970
601778
600597
002901
002837
603733