600519
601398
601288
601857
601988
601628
600036
000858
600900
600028
601088
601318
000333
002415
000568
601166
601138
601658
600276
600809
600309
002594
600030
601816
601899
601328
002475
603259
603288
601668
600000
002352
000001
601225
601998
601319
000651
601888
002304
600406
600887
601012
600104
601601
601633
002142
600436
600025
000625
000725
600690
002714
600050
600016
600019
601818
600048
601985
601766
601919
603501
002371
600919
600031
600438
000002
601390
600760
600018
003816
600150
601127
601211
601688
601006
600989
000596
000063
600999
002493
002050
000166
601728
601066
002230
600346
002027
600893
601169
600585
603993
601800
000538
600188
000895
601111
601186
002736
600837
000792
601881
601989
600886
000776
001979
603195
601229
601898
002179
600011
600547
601689
600029
601698
002466
601100
002311
600660
000338
000100
601901
000617
601600
002920
600111
600015
000708
002129
600845
601238
000963
002459
600085
600009
600703
601009
600795
600089
600941
603369
601336
600958
601669
601788
600426
601360
000661
002049
600905
603986
600674
000768
601699
601939
603392
600023
603198
600745
600196
001965
000938
600372
600588
600570
600115
603799
601618
601018
000301
600926
601727
603260
603019
600938
600584
600741
002241
601916
601377
600600
000977
002648
600039
601021
002001
002460
600161
603833
600010
002252
600489
002938
000999
600256
601877
601872
600221
600026
603659
002600
600522
000425
002821
000876
603806
002271
600803
000157
600176
600233
000807
601838
600061
002812
600236
601865
600160
601808
600332
000800
000983
600415
600027
601117
002032
601878
601799
603605
600183
000932
601555
600418
002602
000786
002236
000408
002463
601995
601108
600377
603939
600985
600482
002180
002916
600362
002945
603899
600606
002007
601236
600079
600895
002294
603000
002555
601077
600546
002603
000066
000933
601058
600132
600702
002709
601607
600515
000975
002064
600219
600460
000733
002156
603596
603345
601216
002422
002078
603160
002456
000987
601298
600398
600350
000423
600177
601231
002410
000630
603688
600118
601233
600157
002223
600487
600765
000783
601615
603816
600298
601155
603882
605499
601958
600060
601991
601868
600862
600109
002152
601168
000728
603885
000988
603786
002430
601696
603568
002202
600885
600754
603728
600705
600348
600968
603737
600875
601966
601990
000009
002340
000629
600536
600998
603233
002939
000027
600566
603290
002128
603589
002028
000723
002465
600779
002074
600918
002080
002185
600733
600066
600642
600352
601880
601198
603156
601577
601933
603658
601162
603087
600096
600153
600517
601456
600873
001872
600583
600732
601158
002673
603606
600637
000831
603893
600763
600699
600839
000738
000883
002739
600848
601825
002429
002414
600518
600663
600378
000069
600369
601928
601099
600486
002601
600872
002384
603826
600497
600004
000021
600383
600871
000818
002797
002608
603179
603486
603613
000703
002625
600655
600129
000729
601666
002120
000050
002558
601567
603338
600549
002738
600867
603456
002025
000799
002044
600863
600704
600100
600884
002444
601598
600380
002532
002624
002405
603868
002385
600516
002436
600521
600282
002966
600909
002517
600977
002056
601179
603712
600021
002244
002372
603707
600535
002531
000960
000709
002299
000564
000893
600095
600170
601858
600390
002262
000825
600988
002508
600598
000959
600038
000958
605358
002607
002841
002008
601636
600675
600688
000878
600141
600483
000519
600707
603979
601399
600879
000683
600563
600498
000785
002926
000898
600582
000998
600271
600559
600007
002203
600299
601001
000513
601098
603077
600208
000921
600155
002268
601000
603298
600901
603185
601965
002281
601611
002500
002472
601228
600933
603305
000591
603650
603730
000750
600166
603517
002138
601106
600008
600673
601212
603858
600143
000739
600578
002353
600499
600612
600126
600859
002015
000400
000537
600399
601139
000937
000623
600739
002389
600329
600685
603444
603565
002409
600098
002557
603927
601866
601019
600062
002240
002065
601118
002261
603228
603379
000951
002568
002368
002195
002176
002439
600373
002318
600056
002145
601128
601016
600258
002461
002507
601997
600801
600392
600737
000860
600131
603225
000997
600295
000559
600339
002266
000039
601717
000034
002273
600325
002756
603883
600562
600816
600435
000516
600529
603985
002153
600820
000766
000686
000887
600246
601992
603505
600481
600528
002865
002432
603033
002092
000403
000553
600956
000060
002906
603477
603127
601702
600416
000598
600970
603027
600959
600777
601608
002737
600633
600667
600808
601949
600422
002867
600456
600511
002423
600827
002373
002506
600764
603997
002229
002399
600312
002221
000155
002487
002408
002595
603005
000563
000636
600315
601828
600641
000567
002670
603317
600388
000778
000967
600580
600297
600022
601519
600316
601333
600363
603283
002747
000158
601801
603220
600500
002407
603129
000830
002387
000980
002030
600225
002518
002024
002544
000028
600185
001914
600771
600967
601952
000543
600116
000761
002497
002643
600199
603599
000712
000547
002683
600266
600850
002317
603025
000810
000627
601900
603056
600123
600057
002511
600323
601326
603108
002847
002925
600548
600602
002936
002850
603515
600572
600711
600755
000089
002705
000031
603888
603236
603638
601975
002126
605589
002151
002131
601969
603866
002155
002192
000902
601375
002041
601369
600877
601222
600452
002484
603919
002019
000539
002468
603355
002675
600167
000581
603039
601918
000035
601882
600595
002901
002254
601677
002958
600740
603279
000426
600395
603218
002010
002831
600821
002183
002320
600211
000877
603267
002773
600597
000970
600750
600072
600621
002222
600335
002837
000032
600601
600780
600120
002498