600519
601398
601288
601857
601988
601628
600036
000858
600900
600028
601088
601318
000333
002415
601138
601166
000568
601658
600276
600809
002594
600309
600030
601899
601816
601328
603259
002475
603288
601668
600000
002352
000001
601319
601998
601888
000651
600406
601225
601012
002304
601633
600887
600104
601601
002142
600436
000725
600025
600690
002714
600050
600016
601818
000625
600019
601985
601766
600048
002371
603501
601919
600919
600438
601127
600031
600760
600150
601390
003816
601688
600018
601211
000002
000063
002050
601006
000596
600999
002230
002493
600989
000166
600893
601066
601728
600346
002027
601169
600585
601800
603993
601111
000792
601186
000538
601881
601989
000895
600188
600837
002736
000776
603195
600886
600011
002179
601229
001979
600547
601689
601698
601901
002466
600029
601898
601100
600111
002311
600845
002459
601600
002129
000338
600660
000617
000100
002920
000963
600703
601238
600009
000708
600015
600089
600085
601009
600795
601360
603369
601336
600941
601669
600958
603986
002049
601788
000661
600905
000768
600426
600674
603392
000938
600570
600023
600372
600745
601939
600588
601699
603799
600196
603019
603260
001965
600115
601618
601727
000301
600584
002241
603198
600926
000977
600741
601018
600600
601377
600938
601916
002648
601021
002460
600039
600489
002001
002938
600010
600161
601877
002252
603659
603833
601872
603806
600522
600256
600221
002812
002821
600026
000425
600233
000999
601865
002600
600803
600176
000157
000876
600061
000807
601838
002271
600236
601808
000800
600415
600027
600332
601117
603605
000983
601799
600160
002032
601878
002602
600183
600418
002463
601555
002236
601995
600482
002180
002916
000932
000408
000786
002945
603939
601108
601236
002709
002555
600362
603899
600895
000066
002007
603000
000733
600377
600079
600985
600132
600702
600460
002294
600606
601058
601077
000933
603596
002456
600515
002064
000975
600219
601607
603160
601216
600118
603345
000987
603688
600487
600765
601615
002422
002078
601231
600546
600862
002156
601298
002603
000783
603882
603290
000423
600398
601991
603786
600350
002465
601958
000630
600109
601233
600177
002430
002152
600536
603885
000988
002223
601696
600060
603728
601868
002202
000728
600875
600968
600885
600705
603568
000629
603816
600157
002340
601168
600754
600298
002074
601966
002939
601990
002028
000009
002185
603156
603606
002080
603233
600732
600348
000027
600918
600066
600839
600998
603737
601162
600779
605499
002128
603893
000723
600642
600352
601456
603589
600763
000831
000021
600096
601198
000738
601880
600517
600583
601577
002673
603658
601933
601155
002410
600699
600873
002414
603087
601158
600566
000883
603613
601099
600637
001872
002429
600733
600153
002384
002739
600369
601825
600872
600848
601928
600378
002601
603486
600497
600486
603826
600004
002625
600100
002738
002797
002608
000069
600871
002120
002436
600663
000703
600518
000818
002558
603179
603338
000050
603456
000729
601858
600655
600549
600884
600129
002025
600867
601567
000799
600383
002444
002624
002405
601666
002056
600863
002531
002044
601179
002532
600704
600977
601598
600021
600516
600909
000960
002385
600095
600988
603712
600380
600282
603868
000564
605358
600390
600170
002372
600521
600038
600498
000709
600879
002517
002262
600535
600707
002607
002008
002299
600598
600563
000893
000958
000959
002966
000825
000519
603707
002841
002281
600141
002508
600688
603650
601636
600271
601399
000878
603185
600483
600582
603305
000998
002472
002926
600155
000683
603979
601965
601098
002244
600559
002409
600299
603298
000785
603077
000898
000513
000591
002138
002500
600166
601611
002203
600499
601001
603730
002353
002176
002261
603517
601106
600933
600143
600007
601000
600673
000750
002389
600208
600901
601228
002268
600578
002240
600675
601212
603444
000921
600008
002195
600399
000537
002015
603927
000400
000739
603858
600685
002065
603565
600859
002368
601139
002439
600739
600126
600612
000034
600131
600098
603985
600329
002145
603228
601118
600392
000623
000937
601019
601866
000997
002557
601016
000951
600062
002568
600339
002318
000860
002756
601128
002865
000559
600737
601997
600258
002153
002266
002507
603225
600562
002461
600056
600295
600801
603379
002273
000686
600481
600435
601717
600373
600816
000039
002229
603033
600529
603127
603505
600633
600416
000403
603883
601702
600528
002092
600820
000060
600956
000887
002373
601949
000516
600970
601992
603005
603997
601608
603027
002432
600777
000553
000155
600325
002487
600456
600764
600641
603477
000598
002506
000636
603220
600808
002518
002747
002595
002423
002670
000158
600827
002906
002408
600959
002387
002867
600511
601519
600422
002544
600580
600316
000563
600388
600315
000980
603129
600312
601801
600667
000547
002407
600225
002221
000567
000967
002399
002643
000778
600185
600297
601828
000830
002497
600363
603317
002737
600500
600022
600199
000810
600967
002024
000028
603599
002683
600771
600850
002030
601333
600116
603283
601952
603236
000712
601900
600602
002151
000761
001914
603267
603638
002192
000766
600711
603025
603888
000543
601369
605589
000627
600323
603056
601882
002484
603515
002131
603496
002850
601975
603108
002511
600057
600877
002155
601326
600755
002705
002936
002925
601222
600123
002468
603039
600452
601375
000089
002126
000032
000539
600572
002847
600072
000035
603866
603279
603218
601969
600548
600601
000581
002675
600595
002041
002222
600750
002254
603919
601677
000503
600167
000970
600246
002019
000902
000426
600335
002010
600621
000762
603733
002831
600395
002837
603355
600211
002617
601778
603678
002901
002958
600266
000031
000877
002761
600996
600740
600006