600519
601398
601288
601857
601988
601628
600036
600900
000858
601088
600028
601318
000333
002415
601166
601138
601658
600276
600809
000568
601899
600309
601816
002475
600030
601328
002594
601668
601225
002352
600000
603288
603259
601998
000001
000651
600406
601319
002304
600887
600025
601601
600104
601633
601012
601888
002714
601985
000625
600436
000725
600016
601818
600050
600019
603501
600150
002142
601919
600690
601127
601766
003816
002371
600919
600048
600018
601006
601390
600760
601211
601995
600031
002050
600989
600438
000063
601688
600999
601728
002230
000002
000166
002493
601169
600188
000596
600886
601066
600346
601989
002027
600893
000895
601881
601800
601898
600585
600011
601186
000538
603195
000776
603993
601229
600837
600845
000792
601111
600547
601689
002736
002466
600795
603392
600015
600660
002179
600029
001979
600941
601698
000100
600085
000963
002311
601100
601699
000338
002920
601901
000617
601600
000708
600703
601009
600674
600089
600111
601238
600958
601669
600023
001965
601939
600009
601360
601336
603986
601788
002459
600905
600588
002129
601018
002241
000768
600938
600426
603369
603019
000661
000938
600372
601916
002049
002252
601618
002001
600570
600745
600926
601727
600196
600584
600115
603198
600741
601377
600161
002648
603799
601021
000977
600600
600039
603260
601872
000301
002938
600489
000999
002460
600256
002600
000983
000157
600026
600160
600803
600236
600221
600010
600027
601877
600061
002032
002812
600183
601838
601808
600985
002463
600233
601878
603833
000876
000425
600415
600332
000800
600377
600079
600522
603806
601865
002271
000807
603659
002821
002602
000408
600176
603605
601799
603939
000786
600482
601117
601108
000975
601077
601555
600418
600546
002555
002945
601236
002916
000932
000933
600362
002294
002236
002007
002422
601058
600350
601298
002156
600515
603899
000066
002078
600348
601233
002064
600398
600219
603000
601607
603658
601231
002603
600606
000423
601216
603160
600895
002223
600460
600642
600298
002180
600536
000630
002152
002128
601168
600177
600157
000987
601991
000783
000009
600132
000728
000988
601868
002709
002028
600118
600109
001872
601958
601990
600566
000027
603882
000733
600066
601696
603816
600487
600702
603233
603290
603345
600968
603568
603786
603728
605499
600862
002939
600637
603596
600998
603606
601598
601158
002430
601880
603087
600873
603826
600352
002739
601567
600705
000883
600153
000629
000723
600779
002456
601666
603885
600918
601198
002558
600060
600875
600517
601456
002185
601933
601615
601577
601162
002465
600765
600663
603688
603893
600378
002410
601825
002340
002444
600733
002673
600754
002074
601155
601966
600583
600885
600129
000831
603589
600535
601099
002608
002202
601928
002080
600518
600863
603156
600848
600369
002429
600096
000021
002738
603707
600871
601179
603737
000703
603338
600839
600497
002625
002384
603868
600655
000738
002797
000050
002624
002262
002601
002414
600699
603613
600486
600732
600977
600988
600380
600763
600549
600704
002517
603179
600282
002966
003022
600004
002044
000564
000729
601001
600021
603979
600582
600100
600909
603712
600612
603456
000709
000960
000893
002436
600170
601000
600516
600038
002532
000958
600095
600884
603486
000069
002120
002405
601019
600707
002176
000825
601858
600867
600598
002281
600521
600483
000959
600901
002203
601228
600688
002841
600299
000400
002372
000878
601965
000937
000513
000818
000799
600390
000766
600675
601098
603298
002299
603077
603225
601139
002926
600685
600673
600143
002607
603379
002056
601399
600879
600373
601866
600578
002508
600383
600271
002385
000898
600872
002244
600007
000785
601106
601611
600155
002008
002138
002025
600499
000997
002531
600008
603650
600559
601212
600329
002500
002439
600141
000750
600062
000591
600498
000683
002472
600295
000519
000998
002015
603444
002268
002368
600098
603858
002318
600208
600563
603228
002240
600739
002353
600933
601717
600777
002065
601997
600166
603477
000921
601118
603730
605358
600820
601636
000039
603927
603565
601016
000403
600126
000623
002409
002195
600399
002557
600258
000537
000739
002389
600956
002432
600737
002756
002461
600859
000559
601128
603185
603305
600959
600131
002261
002273
603883
000598
600435
600339
600801
600529
002145
000155
600056
601702
002568
002266
601949
002867
600392
601608
603517
000686
000810
600562
002507
603033
601777
600312
600528
601992
000034
000636
600808
002906
002373
600416
000060
000553
000887
600511
600764
600970
002092
002153
600633
000951
000927
000563
600816
000516
600641
601801
002487
603505
600325
002737
002423
000967
002865
600827
002399
600123
000860
603997
002506
000543
600422
600667
002221
002595
000032
600580
002387
603025
603027
000567
002670
603127
000778
600022
601519
002157
601333
600316
002643
000830
600057
600481
603888
600452
002408
000761
600116
601828
600072
601900
603005
601952
603317
600315
600755
600363
603129
605589
600456
600771
002229
600297
002131
002747
601326
002030
002925
600323
002675
600395
600967
601918
600185
000158
603283
002518
002544
600971
603556
000762
002024
002936
601975
000089
600388
000935
600500
002831
600246
002192
002407
603638
603056
603236
000028
002901
600750
600850
600548
000547
603599
002126
002320
000426
600572
000980
600740
601375
601969
600225
601369
002019
002511
002155
600621
002238
600012
001914
600167
600335
002498
600595
000539
000712
002958
000156
600711
603515
000627
000902
002497
600602
002773
601827
002332
002151
601718
600877
002832
603039
600997
603103
600557
002683
600120
002850
000930
601882
601222
603108
600211
000970
002091
600273
002010
002222
600201
600821
603355
002484
600728
600623
600717