600519
601398
601288
601857
601988
601628
600036
000858
600900
600028
601088
601318
000333
601138
002415
601658
601166
600276
600809
000568
601816
601899
600309
600030
002594
601328
002475
603288
002352
601668
600000
603259
601225
000651
601998
000001
601319
600406
002304
600887
600104
601888
601633
601601
601012
600025
000625
600436
002714
000725
002142
600016
601818
600050
600019
601985
600690
603501
601919
601766
600150
600919
003816
601127
002371
600048
600018
601995
601006
601390
600760
600031
601211
600438
000063
000002
600999
002050
002230
601688
600989
000166
601728
000596
002493
601066
601169
600346
600893
000895
601800
600886
000538
600188
002027
601898
601111
600585
000792
601186
601881
603993
601989
600011
000776
600837
603195
600547
002466
002736
600845
601229
601689
600029
601698
000100
001979
601901
600660
600795
600015
002179
600111
002311
601100
000338
000708
600085
000617
600941
000963
601238
600703
601600
600089
002920
601360
600009
601009
600674
601669
600023
600958
603369
601699
002459
002129
601336
001965
600588
603986
601788
601939
603392
000661
600426
600905
603019
000938
000768
600372
002049
600196
601018
600938
600570
002252
601916
600745
600115
603198
601618
603799
601727
002241
600584
000977
603260
600926
002001
600741
000301
002648
601377
600161
600489
002460
600600
600039
601021
600010
002938
000999
601872
600221
600256
601877
600027
000157
002600
600236
000983
600061
600522
600026
600803
600160
000425
603659
002032
002463
601808
000876
002812
000800
600415
600233
601838
603806
601865
603833
000807
600332
603605
600079
601878
600176
600377
002821
600183
600985
002602
002236
002271
601117
000932
002555
000408
601555
601799
600482
002007
600515
601236
601108
000975
603000
603939
600418
002294
601077
000786
002916
002945
000066
600362
002156
600546
603899
002603
601058
601298
600350
002422
601607
000933
603658
002180
600606
600398
002064
600219
600460
000988
600536
601231
002078
600132
002709
000423
000630
600895
002152
601216
000987
603882
601233
002223
600702
603596
603160
600348
603345
601991
000733
002128
600298
002456
600177
000783
603087
600157
600118
000009
601868
605499
601168
600109
601958
002410
000728
600487
600862
002074
603728
603688
603290
600765
601990
601696
603816
603606
600642
600066
002028
600885
000027
600705
603568
601615
603233
600998
603885
600060
002939
002430
000629
001872
603786
002185
000723
600733
600968
600875
600566
600637
600918
002202
600754
002340
600779
601198
601880
600873
600352
603826
601158
002738
000831
002465
601456
601162
603589
600153
000883
600129
600517
603156
601966
600096
603893
601577
002080
601155
002673
601933
601567
000021
600369
002558
002739
600583
600663
601598
601666
601825
600518
600378
002608
600863
603737
600848
002429
600497
002414
600839
601928
600486
600699
603707
000738
600732
601099
600871
000050
002797
600655
002384
002601
002444
002044
000703
600004
600100
002624
603613
002436
003022
002281
600549
600977
601858
002625
600884
600763
603179
600988
600282
603338
000729
600535
600704
002517
002262
002120
600872
000069
600867
600380
002607
002405
601179
000766
002966
600516
603456
002532
603486
600021
603712
000960
603868
600909
000709
000893
000799
600170
600095
600383
002385
000959
600521
000825
000564
000958
002841
600038
600483
601001
002025
601965
600582
000818
002299
601000
600155
002531
600390
600707
000683
600688
600612
002015
000878
002203
002372
603979
002056
600598
600498
600271
601228
002926
002508
603077
600901
002008
600675
600299
600879
601139
000400
002244
603298
601399
000785
600559
000898
600007
600499
600563
002268
600141
601098
600578
002439
000937
002176
000591
601866
600673
000998
002472
000519
603650
000513
601212
002240
601106
600008
002500
605358
600143
600062
600329
601611
000750
002368
603858
002138
600208
000997
600131
600933
603444
002756
600685
600295
600399
601019
002065
002261
603228
603225
600739
603379
600777
600098
600166
000921
603730
002389
600373
002353
603927
002409
601636
603305
600435
002318
600956
600258
603477
000403
601016
002195
603185
000623
601118
601997
002557
000739
000537
600859
000039
002461
600392
000034
603517
600737
601128
002507
600126
000559
603033
002145
601717
603565
601777
002266
600339
002568
000860
002153
600056
600801
600820
600562
600529
600416
002273
603883
002432
000686
600959
601949
600764
600633
002373
600816
601992
000951
000155
600808
000636
600422
600528
002867
601608
000598
002865
000553
000060
002221
002092
000887
600970
600312
601702
002906
603505
002399
002229
000516
000563
600667
600641
603027
600827
600511
002506
000927
000543
600481
601519
000967
002737
600325
002423
600456
002595
600246
600580
002487
600388
601828
603317
000762
600022
002670
601801
601333
000567
603888
600315
002387
600363
600316
002408
000778
603005
603127
600297
600185
600057
000761
603997
600116
002407
002544
603108
600123
002643
002024
002747
000830
002192
600850
600395
000158
601952
000810
600225
600771
603025
600967
601900
603599
002030
605589
603283
600500
601326
000980
000032
002518
600755
002157
600602
002131
002901
603236
000547
002155
002497
600750
600548
002936
600335
603638
600323
000089
000028
600711
002126
001914
002019
600572
601918
601969
002511
002831
002683
000712
601375
002925
603056
600199
000426
600595
600740
601369
600167
603039
600821
002850
600452
000627
601975
002151
603129
600971
002675
002705
002320
601718
603515
002958
002773
600621
600728
603355
000539
002832
601882
603556
000902
601778
000581
600601
002484
002498
601222
603866
600877
002837
000970
002847
601827
002332
600012
002041
600072
600780
600864
000503
002468
002222
000156
600120