600519
601398
601288
601857
601988
601628
600036
600900
000858
601088
600028
601318
000333
002415
601166
601138
600276
601658
600809
000568
601899
601816
600309
600030
002475
601328
002594
002352
601668
600000
603288
601225
603259
000651
601998
000001
601319
600406
002304
600887
601601
601633
600104
600025
601012
601888
000625
002714
600436
601985
000725
601919
601127
600016
600050
601818
002142
600019
600150
603501
600690
601766
600048
003816
600919
600018
002371
601995
600760
601211
601390
601006
002050
600031
000063
600989
600999
601688
000002
002230
600438
000166
601728
002493
601169
601066
600346
000596
600188
600893
601989
600886
601881
002027
000895
601800
000538
601898
600585
601186
603195
600837
000776
600011
601111
601689
603993
600845
000792
601229
002736
600547
002466
601901
002179
600795
001979
600015
600029
600660
601698
600941
600085
000100
002920
002311
000963
000338
000617
601100
601699
000708
600703
601600
603392
600111
601009
600674
600089
601238
601360
600958
600023
601669
601336
600009
601939
603986
001965
601788
600588
600905
002459
002129
601018
000768
600426
603369
603019
000938
000661
600372
600938
002241
002049
600570
601916
002252
601618
600196
600745
002001
600115
600584
601727
600926
603198
600741
601377
600161
000977
603799
601021
002648
600600
603260
601872
600039
000301
000999
002938
002460
600489
600256
600221
000983
600803
600010
600236
600160
002600
600026
000157
600061
601877
600027
002032
601878
600415
600183
601808
601838
000876
600233
002463
000800
603833
600985
000425
600332
600522
600079
600377
601865
600176
603659
601799
002821
002271
603605
603806
000807
002812
002602
000408
600482
601555
601108
600418
601117
002945
603939
601077
002555
000786
600546
002236
601236
000975
603000
002294
000932
002007
002916
600362
601058
002422
600515
600350
601298
002156
000933
000066
603899
603658
002603
600606
002078
600398
601233
002064
600219
601607
002180
600460
601231
601216
600348
000423
002223
002152
603160
600298
600536
000987
000988
000630
600109
000783
600642
600157
000728
601991
002128
601168
600895
600177
603596
002028
000733
600118
002709
601990
601868
000009
603728
600132
601456
601696
600862
603882
001872
600066
601958
000027
603345
605499
002939
603786
600702
600566
603568
603816
002430
600487
600637
603233
603290
600765
600968
603606
600998
600705
600060
002739
603826
601198
601158
000723
601880
600153
600352
601598
600918
600378
603087
600779
002456
000629
600873
600733
000883
601162
002558
603885
002410
600885
601567
002673
002185
601666
600517
600875
002465
601155
600129
600754
601615
601577
002340
601933
600663
002074
603893
601966
600535
601825
000831
601928
002202
600518
002444
603589
601099
600369
600583
002080
603688
600848
002608
603156
603707
002429
002738
000021
600863
600839
603737
002797
600871
600497
600096
600655
000738
600699
002625
002601
603868
002624
000703
600486
603338
603613
002384
002262
002414
603179
000050
600977
601179
600732
600763
600704
002044
600549
600380
600004
600988
002517
600100
600282
601858
600909
601001
000729
603456
002966
003022
000069
000960
600582
600021
603712
002120
600516
600170
002436
600095
600038
000709
600612
000958
000564
000893
601000
002281
002405
603979
601019
600155
002532
603486
600867
600521
600483
601228
600884
000825
000799
000959
000818
600598
600390
601965
600901
600675
600299
600707
002841
002531
002372
000878
002926
002025
002203
000400
601098
600688
002299
000937
002607
600383
000766
601139
600271
002244
603225
000785
603077
603298
000513
600872
600879
002176
600578
600673
002056
601399
601866
002508
600007
601611
002385
600685
600373
603379
002015
601106
002008
600498
002500
000898
000997
000750
600008
002138
002439
600329
600062
002268
600559
002472
000519
000591
600933
600499
601212
600143
600141
000998
603650
603444
600208
002368
603858
000683
600563
603730
600098
600295
002318
002240
600166
600739
603228
002065
600777
002353
000921
601717
605358
000403
603565
600399
603477
601997
601636
603927
600131
002389
600126
601118
002557
002195
000739
000623
000537
601016
603305
600859
000039
002261
600258
002756
600956
002409
600820
600737
601949
000559
601128
002461
600959
603185
600435
002145
600339
600801
600056
600392
002432
600416
002273
000034
603517
600529
002507
000686
601777
002266
603883
601702
000598
002867
600562
002568
600633
601608
600312
000155
600528
002153
600764
002906
000636
000553
002373
601992
000887
600808
000951
000060
603033
600970
601801
002092
600511
000563
002229
600816
000927
600641
600827
000516
603505
002423
603997
600325
002221
002737
600422
000967
002399
000860
000543
002506
600667
601519
601900
600580
002670
603888
002387
600123
603027
002487
000567
601333
002157
002595
601828
600022
603127
600456
600316
600481
002643
600057
000032
000778
002408
600185
600116
000830
603317
600771
600452
600315
000761
600297
601952
603005
603025
601326
600755
002747
000762
600967
605589
000810
600363
002131
002030
002126
002544
600072
600225
600850
000158
600246
600621
002925
600395
002936
600971
603056
000980
002024
002407
600323
600750
601918
603556
002518
000028
000089
600572
000547
002865
600602
002675
600500
001914
002320
002192
601975
000935
002831
601375
603599
603236
600548
000426
603638
603283
002019
600740
603129
000712
002511
600335
002155
600167
002901
601969
601369
000156
000627
600711
600012
600388
002683
603108
000539
002958
002498
002773
002497
002238
601718
002151
600211
603515
600595
600877
600120
000902
601827
002332
002832
002850
600864
600821
603039
600997
002010
000581
002484
601882
000031
002091
603355
000930
601156
000970
601222
600728
601778
600717
600601