600519
601398
601288
601857
601988
601628
600036
000858
600900
600028
601088
601318
000333
002415
601138
601166
000568
601658
600276
600809
002594
600309
600030
601899
601816
002475
601328
603259
603288
601668
600000
002352
000001
601319
601998
601888
000651
601225
601012
600406
002304
601633
600887
600104
601601
002142
600436
000725
600025
600690
600050
601818
600019
000625
600016
002714
601985
002371
603501
600048
601766
601127
601919
600438
600919
600031
601390
600760
601688
003816
600150
601211
600018
000002
000063
601006
002050
600999
000596
600989
002493
002230
000166
601066
601728
600893
600346
002027
601169
600585
601800
603993
601881
000792
601186
002736
000538
601111
600837
600188
000895
601989
000776
603195
600886
600011
001979
601229
601901
600547
002179
601698
601689
002466
601898
601100
600029
600111
601600
002920
002459
000100
002129
600845
000617
600660
002311
000338
600703
601238
000963
000708
600015
600009
600089
601009
603986
600795
600085
603369
601360
600941
601336
600958
601669
601788
002049
600905
000661
600674
600426
000768
600745
600570
000938
603392
600023
601699
601939
603799
600372
600196
600588
603260
603019
002241
601618
601727
001965
000301
600584
600115
603198
600926
600741
600600
601377
601018
600938
601916
002648
002460
000977
600039
601021
600489
002001
600010
603833
002938
601877
601872
603659
600161
002252
002812
600256
600522
603806
600221
600026
002821
002600
600233
601865
000425
600803
000807
000157
600061
600176
601838
002271
000876
000999
600236
000800
600415
600027
601808
601117
000983
600332
600183
603605
601799
601995
002236
600160
002463
002602
601878
601555
002032
000932
000408
600418
002916
000786
600482
601108
002945
603939
601236
002709
002555
600362
600895
603899
002180
603000
600377
600985
002007
600132
000066
000733
600079
600460
002294
601058
000975
600702
600606
002456
601077
002064
603160
601607
000933
600219
603596
600515
603345
601216
600118
603688
000987
600487
600546
601231
601615
002078
600765
600109
601298
603290
000783
002422
002156
600177
601233
600862
002603
603882
000630
600350
601958
600398
002430
601991
000423
000988
002152
601696
000728
600060
601868
002202
600885
600536
600875
600968
000629
603816
603786
600157
603885
002223
600705
603568
002465
603606
002074
002340
600298
601168
601966
601990
603728
002939
600732
002185
603156
000009
600839
600348
601456
002080
000027
603233
603893
600918
601162
002028
603737
002128
605499
600754
600352
000723
600066
601198
600096
600779
600642
603589
600998
000831
601577
600517
000738
601880
002673
000021
600763
603658
601155
601933
601099
603613
600873
600733
002414
002410
600699
000883
600583
001872
600153
002384
002429
601158
600637
600369
601825
600872
002739
600486
600566
002601
600497
600848
002797
002625
002738
601928
600100
000069
600004
603486
002608
603087
600518
603179
000818
000703
600663
600871
600378
000050
002120
002558
603826
603338
600655
600884
600549
000729
600383
603456
002444
601666
000799
002531
002624
002025
002405
002044
601858
002532
601567
002056
600863
600867
600704
600909
600021
601179
601598
600977
600516
000960
600988
603868
600095
002436
600129
002372
002385
600521
600282
605358
600390
600380
600498
000709
600170
002517
600563
600038
002281
002299
600483
000958
600879
000564
600535
000893
002008
603707
600598
000959
002262
603712
600141
002841
600707
002966
000825
603650
002508
002607
000878
600688
601636
603185
601399
600582
600271
002926
000519
603979
600155
603730
601098
603305
000785
000998
002244
603077
000683
600559
601965
002409
000898
600166
000591
002500
002472
002138
000513
600299
603298
601001
600499
002261
603517
601611
000750
600143
600933
601000
600007
600901
603444
601212
002176
601228
600675
601106
000921
600673
002240
600208
600578
002015
002203
600008
002268
000537
002389
002353
603927
000739
000034
002065
603858
002439
601139
603565
600739
600859
603228
600098
600126
603985
600612
600399
601118
000400
000937
600685
000623
002145
600131
601019
601866
002568
600392
601016
002318
002368
000997
002557
600737
603225
002273
601717
600339
000559
002865
002756
600801
601128
601997
000951
002266
002195
000860
600295
600062
002461
600258
600056
000686
002153
600562
002507
600481
603505
002229
603379
603033
600816
600329
600435
601702
603127
600373
000039
000060
600529
600820
600528
002092
603883
600956
000516
000887
600970
601992
000636
601949
600416
600641
600325
000155
601608
603997
002373
000553
002487
000403
603027
002432
000598
002506
000158
600777
002387
002670
600456
601801
600764
002423
002867
600808
002518
600959
600827
002595
000980
002906
601519
600633
603005
002408
002747
600511
002221
600225
600388
000563
600422
600580
600316
603129
000567
603477
600315
002407
002544
600363
002399
000967
603220
600297
002643
601828
000830
000778
600667
600312
603317
600022
600500
603599
600185
002497
000810
002024
000547
600199
603283
600967
000028
002683
600850
603236
001914
600771
601333
000766
600116
002737
601900
601952
002192
603496
002850
002151
000761
603056
000543
600602
000712
600711
603025
601975
600323
000627
603888
002484
603267
601369
605589
002155
600123
603039
603515
603638
600755
600057
002131
600877
601326
002030
002126
002705
002936
601375
601882
601222
002511
002925
600452
002468
000539
603108
600246
002847
603866
002222
000089
000581
000035
601969
600595
600167
002675
000902
600548
000032
600572
000426
600266
002831
603218
600601
603279
601677
600335
600621
000762
002010
600996
600072
600338
002019
002901
603919
002041
601869
600395
000970
601778
002837
603733
600006
002254
002617
603678
600740
002958
603355
000877
603197
002320
002761