600519
601398
601288
601857
601988
601628
600036
600900
000858
601088
600028
601318
000333
002415
601166
601138
600276
601658
600809
000568
601816
601899
600030
600309
601328
002475
002594
601668
002352
600000
603288
603259
601225
000651
601998
000001
601319
600406
600887
601601
002304
601633
600104
600025
601012
601888
000625
002714
600436
000725
601985
600050
600016
601818
002142
603501
600019
600690
601919
600150
601127
601766
003816
600048
002371
600919
600018
600760
601995
601390
601006
601211
600031
002050
002230
000063
600989
601688
600999
000002
000166
601728
600438
601169
002493
600893
601066
000596
600346
600188
002027
601989
600886
601800
000895
000538
601898
600585
601186
601881
600011
601111
000776
600837
603195
000792
601689
603993
600845
601229
600547
002736
002179
002466
600795
600660
601698
600029
600015
001979
002920
601901
600085
000100
600941
002311
000963
000338
600703
600111
000617
601699
601100
600089
000708
601600
601009
601360
601238
600674
600958
603986
601669
600009
601336
600588
601939
001965
601788
600023
603392
600905
002459
000768
600426
000938
002129
603369
603019
600372
601018
002049
000661
600570
002241
600938
600196
601618
002252
601916
600115
600745
600584
601727
600161
000977
600741
600926
002001
601377
603198
603799
601021
603260
002648
600600
600489
600039
002938
002460
000999
000301
601872
600010
000983
600256
600221
600803
601877
600160
600236
002600
600027
600061
000157
002032
600415
600522
601878
600183
601808
000800
000876
002463
600233
000425
603833
600332
601838
600985
600176
600079
601799
600377
603806
601865
002821
603605
002812
603659
600482
000807
601108
002602
600026
601555
002271
002555
600418
601117
000408
002294
603939
002945
600546
002236
601236
601077
000932
002916
000786
002007
603000
600515
000066
600362
002156
601298
601058
600350
002422
603899
601607
002603
600606
000933
603658
002078
601233
000988
600219
002064
000975
002152
600398
600348
600536
601231
601216
002180
603160
002223
000423
600460
603596
000630
000987
000733
000783
601991
600895
600862
002709
600157
600298
600177
600109
600642
601168
000728
600118
002128
002028
600132
603728
601868
000009
601990
600066
603786
000027
601958
603606
601696
001872
605499
603233
603345
600998
600702
002939
603568
600487
603882
601456
600765
600566
600637
600705
600885
600968
600060
002456
002410
603290
002430
000723
601158
000629
603893
601567
603816
600873
603826
600352
600153
603885
601928
002558
600918
002465
000883
601880
603087
601198
600733
002185
002074
600517
601162
600754
600875
600779
601615
601155
002340
601598
601966
002673
603688
601666
002739
601577
002202
600378
000831
601933
002625
600129
600663
601825
603589
600518
600583
000021
002608
600096
600369
002080
600848
000738
002444
600535
002429
600863
603156
002414
600699
603737
600839
600871
603707
600486
601099
600497
002738
002797
600655
002624
002601
002384
000050
600732
603179
600763
601858
600977
603613
000703
002517
600100
600549
600380
601179
603338
002262
600704
002044
000564
600004
003022
603712
000729
601001
600282
002281
600988
002436
002966
002405
600867
600909
603456
000069
600582
000893
603868
002120
600021
600038
600516
000960
000709
603486
600170
600095
601019
000958
601000
002025
600612
600707
600521
002532
000766
600483
000799
600884
000959
002531
601965
002203
000825
601098
600598
600390
600155
600383
002372
000818
601228
600299
600688
000400
002841
600901
002926
600879
603979
000878
600675
002607
601139
002299
600872
600271
002056
603077
600578
000937
603298
603225
000785
603379
000513
600498
601399
002008
002244
002508
002385
600673
601611
002015
601106
002268
601866
000683
002439
603650
600008
000519
000997
000898
600007
603444
600685
000750
002500
600062
002472
000591
600141
601212
600373
600143
600933
600329
002138
002368
600559
603858
000998
600499
600098
600208
605358
603730
603228
600295
002318
600739
002389
600166
002065
600399
600859
000921
600131
002176
601717
600777
002240
002353
600563
603927
000403
601997
601949
603305
000623
601118
600956
002261
600126
000739
002409
002195
601016
600258
600435
002756
000537
601636
000039
603565
601128
000559
603477
002557
600737
002461
603185
000034
600392
600339
600056
600959
002432
603517
002145
600416
600820
600562
002266
002273
601702
002568
000553
002507
600529
000598
000686
600801
601608
002153
600764
002867
603883
601777
600633
600528
002221
002906
601992
600312
603033
000887
000636
002373
601801
600808
000155
600641
000060
600970
000951
002229
000516
000563
002092
600827
000927
603997
600511
000967
600816
002423
603025
000543
000860
002737
002506
600667
600325
601519
600452
601333
603027
002399
002670
600580
600456
600316
601828
000032
000567
603888
600422
002595
600022
601900
002387
600123
600315
600481
600057
002487
002408
000778
600185
603127
002157
002643
603005
605589
600771
000830
002747
600116
603317
000761
002544
000158
600297
600246
601952
600363
600967
600755
600072
002131
603505
600602
601326
600572
603556
600225
000810
600971
600850
000547
002407
002030
600395
600500
600323
002024
000089
603599
000028
603236
002925
002936
002831
000980
600750
601918
000426
603283
001914
000762
002675
600167
002518
601375
002155
002019
600740
603638
601369
600388
600548
002126
600335
002320
600621
002683
000539
000935
002865
601969
600711
002901
000627
002497
002773
002511
603129
002498
000156
002958
002850
600012
002192
000712
603039
603108
002832
600211
600821
000902
601827
603355
601718
601975
601882
600595
002484
600877
600120
000031
603279
002317
002091
601222
000581
601156
002332
601778
002010
600601
600201
000970
600996
000930
600199
600864
000503
002222